838736618
27554314
3298598451
3298596831
25468443
2357147013
3298640081
3297903700
249892838
2761714104
15163593
3224701914
3298691452
3226656272
3226691707
3298684498
2413640618
377646442
3226695961
3226694995
3226691581
3298634825
339682065
3222180792
3292983101
2513112097
475386095
3226597008
3226689625
2851832416
2922766006
2561831989
3093752374
3298684120
35783329
3226684993
3231712348
237125253
575360360
3298583787
3298669684
3226654958
2718058387
3183447093
3225526776
3292196662
25794677
3218802043
3138079219
3226654262
3298624703
43646486
3226691065
226682792
243399935
3298657768
3176971188
3172444921
3226689469
372320154
3298666444
3298664266
292002041
3164219808
512709625
14780491
156113241
438807821
3226597110
3298622231
3298622951
1888297951
3298607579
2859987242
2998727954
3226649660
2460312896
944875302
302100558
166321968
3226684795
28791178
3226596558
3000696835
156276922
3298577751
3054217470
173302591
72179885
2802230518
3226682185
3298665916
270560250
3293380011
3226648286
3298668622
3141915387
3257964647
832083842
3221801052
3197541488
3298573485
22302663
3298667638
3226678279
226690302
3226404296
2235748860
3226646924
154403506
2789406600
3226681189
3226680373
2857441180
3298611389
3193942850
2895214111
3226591992
37836463
3298614868
3226644998
3298568211
1726548456
3298607861
3226003010
3297923705
3258454223
184222469
534373499
2372903694
57735113
2161740691
3298659646
382743987
196730437
14231839
3226586868
3298660558
2505738310
3295831149
2693512656
23849785
3225707106
3226636718
3298633330
3298568171
3226642964
60730663
2351112808
2496356196
3226456255
3168040218
3293053299
3226588206
3298598243
500249357
3298560567
3226582194
3298555335
3298558593
3298655284
1463342096
3226674499
3226656001
247875077
2998758992
289929344
3298652638
3298652350
399848804
3298554345
3298555965
3002079307
2608715687
3298649482
428284474
3298551381
254778726
1423815036
286501685
43603218
3220830109
3226672723
218942813
3298648912
3226445238
590600464
3131109911
1652215502
3297530584
2660807930
3225534772
47449714
3226672591
3298339066
3226579716
901157126
2801026973
3292933659
3298638970
82552674
3298577393
3226581186
2799387077
1524753978
3226599236
3226669873
371517722
589238832
31020619
862229161
3226578390
299057834
3264509789
445698249
3298544607
2410973843
209151146
2726873539
3298546209
1659591326
1604128440
377213856
27588898
1432869428
65195009
3078489946
3298199596
3226666705
219518235
930956731
3298580021
3194372990
2821992498
3226663921
1561071416
3298242123
3062048862
3190110582
3258282322
2790173057
3298529037
971179454
3198670262
1007501425
203849489
3221737087
3298546379
1405810638
1453078375
122533126
1623562128
3226574850
242092348
2498528338
1570729285
2958065904
2573778441
3298610032
3225943609
346850842
3226569906
1700633672
3226572336
3226574190
441446761
1658466488
3226656145
2209439595
212346236
2316846185
1924480045
148502889
2419607556
2759062137
1510790299
1002753613
331438535
3298566659
2472749032
3238062471
3226661059
3167680470
23957522
3298569527
3298622566
3226609712
3298534450
2220874695
50127513
3226658491
3298618012
3298570229
367957776
2784806103
3298567457
3298523301
3226622342
3226568838
3226565100
3174491269
3226618946
233848253
3292429510
3298537769
3001955825
609622804
3297723166
3226437312
3298511775
2995646808
3064125943
233298592
42766346
3148648364
91954214
3197296992
36677438
3226614878
3168753313
2883903110
3298483845
832274466
3226655185
3298327451
3172845903
3298606114
922406947
434419224
3298595278
212700540
3226558848
3298575682
95655966
3226651939
1337727734
3298471451
1921564135
3123044973
572219939
3298506855
2504792575
3298609624
3226617446
3298609768
3298546739
3226499197
279785320
2784940178
181732728
3149290823
3298531060
490164643
3226649743
1877903155
373697725
2176815997
3226647781
552741008
303942067
272960203
1131340501
2400722542
3298602958
3226612778
3225766147
3298512579
3298540439
3226613918
474151602
2723411021
3240573759
3226595108
2336712303
3245116661
197031726
24108531
3093883952
70821209
1166898216
2970523194
3298551089
3223368715
390333132
3298600510
3298017016
149986024
3225855542
3192704511
70184448
3298543319
3216763260
840551202
3226557624
3226640569
1830400254
1768050380
128974793
246618442
1052015778
3226554174
2305942595
3226647445
3298591786
131494736
3298596412
129018819
10669942
804731161
71416168
3226555356
77088188
2704722773
2417570228
59916291
3298538489
3293343309
893090112
293970808
401803518
1950746366
2321112380
3298593508
344545138
3298592038
2762520173
3226607546
3298499103
140449312
46713615
201514693
243049241
2861627350
48418259
54118417
2596483146
1144578890
3298135715
1636107300
341674806
3196360257
3158153976
3298532458
26035365
498515036
3298282889
3298490001
3235910273
3226642441
3226642825
3018746812
3226605050
173131940
3226552344
3293568639
3298589008
405483692
3226641541
3225667716
79806662
3066247337
3226639357
3226603862
3298587676
3226548174
201224406
2407486928
3298533359
67334272
3298460535
3176835977
3298580344
3061711482
2962472401
77219876
2786256893
286782347
1032180152
3226540314
3298373325
3296093686
1060973156
314483028
3298580926
14642830
3226637203
3296814915
1263333078
3226617235
2604201498
2531698481
374810723
2178633733
3298577308
1676694432
1449437666
1912325666
3252796367
3226542762
264804017
3224932274
2914411252
3130383646
16891470
3226634545
3226543068
3196367659
960808549
42303563
3226590560
388937036
3298572184
222586720
3226544478
2612429420
3239252523
3298473597
3298516091
21600671
865061178
1011735385
3298570126
3226541880
1208169620
2688542834
3226630441
3241326629
1914847424
333057353
456111061
42138078
3298564762
33302724
2257315026
3220796900
3298563766
3298565086
115993386
3298466475
3226537386
158884378
447330926
3191899692
2870771989
3226539144
3298510181
3226594172
2369692271
2993835420
1156963740
3145191454
3298488059
2418673168
3298467981
21533829
138537697
201553043
189248090
2728573193
2235047707
3298500689
3298417833
182020530
3298335532
3226532484
3226627207
3298511123
3296531333
2162134276
54768311
2645788486
64862458
606538141
3164153075
430401666
3226590074
3298558978
126444120
25317620
56736305
3224499601
3164564076
25512814
3298551112
3226535964
3298506485
3226531986
3186599350
3226622179
2195913765
368280750
3260027553
3156676725
3012530908
290364666
3298461357
172954394
2969056145
3224618011
2762026714
3226624045
3298448631
3298455993
2917689533
3298555054
408024020
131791145
1486494895
3298548640
3197192539
3226588574
3297518849
3241197725
109657654
84127559
1339095678
3294568787
159101634
57432354
3226185057
263395785
1482320186
2781111902
3298492553
109837882
3293416774
3298461599
3298543672
3298546648
28995988
172131565
3298488533
1463478829
757621670
16050962
2925311103
3298488281
3298450527
3082810262
3298522396
3226619497
526644533
29851463
2958387590
3297928433
942499122
3100293987
3298445613
371238205
631607702
3226616869
1268072569
124476519
306352991
3298536958
3226616467
2395947332
3146930791
2695890183
2332667424
34819667
2391946206
3298524868
602919310
3298113219
2853770649
1205711521
3226579742
828129493
307514480
3226526652
913764133
3226578290
110463597
3298533466
3298538002
3226139220
3167605642
3298421999
3226580072
3092274154
2769875698
20940871
3001829375
893540790
791926369
56454622
3226449439
3185560555
1476425185
3298423695
856732586
775660231
2782118361
3298477301
3298433973
107072079
3226095692
2872152682
3298430439
52428766
341859963
2873411409
1656765422
1378979774
3226577348
1879760118
1433998218
16808989
3298434171
338541319
3298250085
3226613641
1516496696
289613891
1160092404
801684302
236866944
3226589839
3226094229
3226521408
3099646350
2766475265
19423704
529592513
3224578590
269068394
3298427985
299849430
3244606709
2926265058
2809136159
531740871
3096407116
3226511790
3190066246
770431518
375199686
3297090377
3194734789
1046827368
408139760
3159399578
3226606339
3226607311
3298423371
3298522366
3298470473
71935466
120536855
3226515858
329340147
3298469945
211464105
17133076
3226571984
3297152639
76066858
3064476760
3292181416
3298422669
2228035232
3111460905
3298514722
3226566446
3298416069
3298515556
629442057
3226515666
369856026
3226570976
3226566962
708899971
221694626
223487766
3298420155
3298509874
3298452107
432045093
3298418247
3298512358
3298513204
3226515912
3226605973
2314113206
3296546722
3153241551
629576032
3226569164
61881593
3298435228
1059486842
2400491216
3226567886
40280214
3226602859
3298457291
3298416243
328851498
55434593
3195714792
370380758
2468367499
302937614
3298413153
140964460
258982692
471764595
217351878
2665099090
3159175288
539390970
124690331
37701502
488115008
3298456715
3226512696
2681673701
546140949
3226567820
3226511988
2163879688
3226544342
2502280825
220994829
144605394
3298321463
3124791081
3226343244
2390330886
3296911911
3172491439
2560651302
3298424015
3226565450
3226543879
2492015725
3186536865
148027680
2328026162
834459212
3298503190
3190017565
924142040
263697848
3298407099
1729946820
3005380633
3298450883
3298450727
3285414119
3226561418
1723711243
2186912316
3226507530
3226559072
3153672896
25527914
24490417
1369175870
212269928
3298493128
3298394529
3226560356
74234525
1169312689
82399729
3298390281
93803225
3008432124
2810997818
3226494336
3226505976
3297834249
3222446292
1480924634
3226592881
3226264978
2256612149
3219154519
1695433776
263158786
3298440827
3226557266
3298430741
282148557
3298381965
93102838
3232576557
3246551421
1089220370
2294906421
1613543832
16655410
282462536
3226500042
3226504008
3246233878
237571468
408384964
609448291
462526940
3226593979
1445328144
492728721
3289491911
208870298
1300646329
3298438373
3298485604
3295598626
3298487824
3258654677
3229469579
51793968
2182578410
2856656638
2761428289
68548285
3158606560
2767618139
3298488262
3298485154
3298391403
296490638
3297620614
565859049
871935374
467456723
37161153
3298485916
283721243
2798137409
3298427855
1718952420
1015687178
3226502208
3298426433
3225529698
733710792
3226556138
3298425095
2810461174
19991818
1708108441
3298372365
237710745
3298479574
3298477228
633029451
2676747304
2697980730
2997301732
845670913
889988732
3226554050
312922445
1402667124
320793917
3298385631
3298381413
3298384359
3226499076
2979280120
66711003
3197149148
2897709764
3298422641
745139983
21203629
2663856386
2244041538
288035353
3298369287
1130292444
123262703
2778042922
2765979622
301620973
3298418537
3298381173
483989954
40703475
3298422809
3298379613
32632258
293720938
3298419551
2835336511
3298422317
88400968
3298378929
3298412525
25213015
2379539922
2611050660
2458320202
2200370466
2614423872
3167739904
3164247273
3141472786
295686015
2400545347
30076364
23876371
3298469152
2283848521
2522564978
3298375809
1384818367
424775729
3298419299
3226584211
489208098
3298457632
3298416173
3226583461
3298459384
591952003
3297142732
3298467106
71371690
3298372925
3298414043
3296706137
3298414439
369136164
2884750985
2457539268
1498878342
391751114
3156978305
904369284
3298366761
2975580058
3226487280
2706077940
2161307195
3244424188
287414660
3298423804
3290455696
3226491126
3298461916
21409277
145612967
95135082
3298460926
3298405775
3297776205
3242420727
366239974
3298367601
3298462996
3298364757
3226578643
3226580881
249751484
185894226
3298458706
3226490622
403451961
3298460980
2674212593
320043612
497583167
2930436646
3226491558
157464909
1731560364
247360231
3298447012
3298340583
315370270
349249631
203379542
3298360203
3298362599
2799591136
2974105336
309913151
3298358397
3298397285
822787111
15290434
3298445398
922194229
3298359591
2582800633
1117881973
449986912
3298387181
2975749391
912728653
3226533980
3223058542
101523524
3221847128
287473181
3043688776
3298449532
3296444248
3226486938
548107562
3298393295
3226577173
3226487652
2815690302
28747400
2359351969
3298344897
2706973798
2847668505
1877051635
863736835
3030768819
451318287
3080867062
3298444882
231373789
3226576129
1261407854
3192328830
3298447768
2306647293
2486736589
384757254
755786617
226550865
42420782
3225773533
3063053157
2221735118
3297830255
3298202819
30991365
2481478905
3297792976
3298444102
3298390133
2869550757
2190455019
467447285
3226481634
3298386359
140495322
3298350677
1296163638
2594984354
2343196977
3298387973
3158360630
3298430440
299803769
821755663
198970815
3292959490
41773467
3298167748
3044572269
3298342293
2789897419
140710791
1942537050
2738942595
3298320297
2430061554
1043051629
3061041133
206801279
3298378763
281083801
2275277462
3298378637
3298379669
3119925851
3298338009
539514285
66983742
3298198221
3294588946
3298379873
3298426318
3298377779
142068659
3298413940
3075553256
1339997336
2620627688
3226531988
3294784659
900527228
546816276
3298332603
293954798
3298330161
151693609
3298333089
29447272
3298426828
19859690
757499462
3298417696
3298371767
3298428934
206719392
30275793
2313025638
18336991
307903645
2688321240
3298373489
3171463476
203359725
3226567405
3188073465
3225429258
131364007
3226563541
3298362988
3226476978
477918570
3296563155
1207585710
3226451580
291959005
2446992169
3191856146
3244747541
1955470796
2347207166
3298367021
18065792
2304191576
199381142
2665881620
3181592293
3298421548
3222467982
3298327245
3298272549
3298361153
3226475148
3226528244
146768619
3298328013
3137966071
2437981630
3226524727
828250945
3189323647
3298417102
103813420
458981890
170282871
856876410
3298324761
1135679990
19375588
3298363631
31603753
3234096358
2267288298
3298123516
3298353347
3153781911
2691165751
3226562959
3298317695
3132226858
3298306461
1900654082
3158778974
3226526408
3226473972
3298361218
3245625058
2302488672
3226473984
3226564657
3226563631
1472875819
3227489543
1412454998
3226318887
3226472430
2744170200
3226526780
3298411492
3289764501
3294027670
3298395682
3298412572
3298411504
3298355807
201551270
3298317975
3246667757
205767222
3249453233
3226471146
3298349459
1155218958
95502589
862047876
3298360373
17591823
3297129215
2724702887
46239965
3298409512
392057727
3298355843
3219999344
75794917
541224561
3061804639
3297884297
3289196092
266257060
3226558399
3202261659
470496599
20984284
3298403530
523357545
3195071793
3226551355
3226556401
20999048
3226468914
3298305279
3226555453
3295832373
3298285653
3298350833
3246734541
2979233875
3220295172
43278796
2840008861
2864566991
2878712531
2733359458
544159159
3294728513
2469835201
3226546837
2340638456
3298302791
3137003725
2873262916
3226556017
14989361
3223894459
3298336505
1892443848
414384211
3298391872
365544941
161733451
301454329
1960758402
3298335221
3298295601
3226517654
19052350
3103427239
1380200214
2326270242
1103455896
3226549903
3197837209
252935376
3226552399
3226462296
3226547809
112654956
3226550311
3298385176
74354302
3298310225
26179105
3226459062
3226547869
3172415605
104594784
16991332
2407917161
378296179
3226300038
147435662
216387136
2513313625
554895469
3142731739
2999621335
158685996
3226460232
30672818
53942243
3298284789
432849366
404800296
384298031
378036639
3115120330
466039775
3298326725
2481000671
446624130
3298285985
318314427
2446067220
22374336
3295413485
3298272957
2875379203
3215549831
1181510594
74820803
3226437648
3226392829
3226455810
3298320323
3298373914
3226428913
3226455552
614800711
14873782
3226505396
3298372036
3060497640
18236594
323036980
992511570
3226504148
3226454910
3226543897
375088782
3298359808
206346341
3243919359
2481547678
3298224315
2874349623
549443597
3298361578
3298363906
3171578906
244083263
3298316357
3298368070
3298314149
3072300251
20321204
3226534969
3226200924
3298314389
3298128591
3226452528
3226542115
314864483
51328196
2616000788
3298268043
3298361314
2982700595
992022103
3298358782
44716787
3297205960
2912915317
3226505564
3298305923
3280947598
3228291730
3298360366
3298363438
3298301519
1062922664
165804757
2345072878
3298257981
3297063238
3298359862
3298306211
3226536349
3296200545
1384607072
35189066
3038547578
2363517933
3298236963
71802655
3258501226
3260096321
1910173357
277258137
3226501190
221838567
589516097
53925919
398672330
635620093
3065838214
289082958
2433850496
3226446540
50492584
10713762
317405975
844589700
3099794739
3298300199
3026749442
3226495664
3226492370
469753146
3225677954
2587673742
2942091304
3297810478
3226442664
997174147
2724169437
724770636
997627956
3294819730
267665516
2903965909
1099886774
1023906182
3226496510
214303041
3298294973
60095594
3293421214
3226443204
578145152
78228271
2231215572
3225934440
3069580237
3298246509
631121463
349205364
3226373172
3242681615
3298340686
3298344058
3298285373
3298343758
3298342624
227191016
3226492766
3298342216
42070873
2874428837
3298192109
1713462349
2664105534
3294585988
3298233129
3194449413
3298279217
3297764506
110828049
3226511173
3226171183
1594394376
3108720132
109792248
3298339138
598564308
3298241625
3298282505
704726198
3297943289
96383522
1727185458
3298335646
3226525843
3298239879
13189982
7350542
2355072971
3297891052
3226526407
583052094
3226487336
105135998
59488557
1089190064
33263232
195160046
3298331032
3298242147
2400334242
518139523
3298240443
3298281611
159508962
3246705753
3072788082
3298241019
3226419372
3226490180
99669511
3292644081
3298282283
496157732
3226432878
3298237563
3296144128
3010635228
3298275197
3225643495
26547137
3168386663
2804337859
428217146
3225658261
3226426158
133359554
3298329496
3298241201
225460942
2181728576
3298274771
3196785295
3226518889
3298275839
3298230088
89471898
3298224879
3226100094
45751792
3298314964
3298228581
1876789496
3226461674
3298212417
2938539477
3250094429
3152218296
129268474
1361981066
359046838
1104480548
2957789443
3226458811
3077075939
3226507537
240024177
96634294
349640677
3298295716
3226424280
1417870776
3298218309
3226455356
3298246013
2587598999
450597633
3226514017
440910033
3226385430
3298213227
3225719881
2959586027
2201477126
3298251767
3225662053
1329085988
3224554464
3226476140
3298252559
3298211169
3297167135
3298304926
220892342
22466060
3226400244
300123245
1358740242
269591183
3226473260
2387579430
3298203987
114076027
3298215731
3226472996
3298250333
3298118121
3295737262
3298250507
3226418604
3031784225
242105304
3226417500
238111663
23736946
3226420908
3226473086
3225416653
3298205037
146595089
3294888658
320561610
3226505233
3298194651
3036059164
3226375412
3224803050
3298194219
3207603017
3298280698
3298298056
3297287363
2794720460
3298245065
3198439540
3162765308
3292050587
2799025456
3294543053
391733509
2770372565
3298243337
3226371376
3196423349
3180008469
331073890
302585320
182398108
1625854982
3295846450
3226363014
440690212
137966476
2760662395
3094385605
3298191003
118458982
3296854120
3083513686
214110264
2415989951
384949723
301036193
3184365136
866294521
20321602
2373131276
451520215
3226467650
3226411704
3221800045
3226504009
2946829206
480747289
3226501543
1029962156
2703143382
2868035380
861631579
3218886313
834818299
1146196374
3226480147
625978041
3298228655
351611678
3179726967
3226409652
2192695482
2971066101
3226392828
3298270696
3226462676
3226502383
3292121633
28120823
3298285942
3295610985
3298188345
3298231595
65975928
3298232309
1091653387
139922873
3298279906
18952582
3226495513
234094779
3298278538
3288575392
904199162
845610642
3298281298
2954090101
3226405038
3298226705
3042866104
3040333666
3224012376
194608863
1675368463
600234051
298681308
218538017
724140979
3226405344
244661847
2731326864
3052661860
3226406952
3298224911
212215604
3226404006
3298180833
1970265768
2300931243
2852285242
3221757721
3226189478
3226458608
3226460672
2923389542
3297772515
3298220723
326422773
2791752641
119829082
3298269364
3298159330
967544041
832601132
1381374786
1544578742
2226173088
3298221275
3298217333
2264940998
3144537773
3298168107
3182093529
1884499134
1319648798
2661401393
111673066
549209072
3226476715
939732739
39645329
33862392
543909556
3151059675
2965207874
2217234264
3298170765
3164923029
3226427809
626763162
3221749417
545732696
2937677776
3226454726
3289566905
2312557753
482397081
547061320
7670482
32714819
3226488883
1024595262
3298257658
3182637336
184551442
3297681651
1187284771
3226450850
2800568895
3226484941
3241798588
12744052
3298258348
3226485073
2916721170
3298144491
3224856792
3152114811
3298201949
3226383379
3131380942
3298150347
2276398254
2904190136
541305338
3298251214
3297875619
3298249396
73959664
3225582397
332073817
2786456598
309933456
617274864
256302448
29597450
2490568763
2784550950
3225646706
2722684881
3183951287
317242372
69315060
2864738453
910064484
3298191839
204498003
2219532876
3226438670
3226441196
3298140645
134266963
3298144821
95506442
3298166267
1395502328
26329851
3298154609
3226422590
45976899
3298142475
3294761885
335205013
164019902
1171730322
1384652616
3223486268
3226436090
3298237774
3298228852
3222728357
2752486783
1948367563
471436478
3182090084
3298201426
3298231006
115214757
3226438160
232794870
3298032514
36482835
3298124435
1950214969
373278823
3298095135
3226437380
3064844903
99298603
3226473085
3288609023
1621663021
166685413
3298230670
3298224004
994111123
3225782887
3222462271
297842094
1654621074
3298175819
1476395058
3226469101
3226435316
369468416
408969553
3226374936
3226435226
564885742
2743761773
56308870
2489996646
3226378008
3133573949
143573869
193951722
3226253107
3154109803
2555426472
1634813767
3298168637
3226467913
91602813
3298170767
2312882184
3226428416
3298141871
3226427546
3298115055
3134346784
3298122543
3224117576
404408935
3226434877
18691862
459488084
3196989355
3297052660
44343987
323806388
3293752559
3226370178
972826170
3298212112
3226460371
3138428089
2782478531
3295375323
3223764384
3226240874
2370161894
3298088229
3183338750
3298060019
3262060047
249695935
3298070625
259789684
3081059371
20773914
3226406738
3193153309
2172124880
3226368024
3298202536
599371068
3175913273
3220656565
3297979647
31315550
3298204132
8644962
2655414588
2882852583
3226418876
3226361024
384683817
304388279
3226453843
64099004
3226395200
237841486
636347201
2357209386
15968156
3226419062
29338092
459459407
3298105197
3226434853
3184037605
3226359948
3236536691
611762916
3023635653
436183794
3226356954
3242261129
3297509806
3221810397
800058109
3226441873
405575432
3193262131
3226385336
471875592
3298187212
34481324
3298077765
3298140077
2779576047
3226446049
3226450105
581248211
3092100305
120840058
3219880681
17406610
3226411952
68461906
2897461609
492656103
1712700343
504172953
2276328672
466688090
3226356288
371039983
2810476333
1458664716
2249711496
3226409498
3226355778
3226354620
3260573811
3298038226
833760025
17030390
3226346664
3298076823
3226437811
3226408844
3139667496
3298157422
3226443139
55145160
3293279855
3226439659
127187385
30133499
1726936729
2696552196
447111582
167732434
148776797
3298079901
2788222431
378626838
159448061
246368530
12393732
3224728717
3181812431
202820851
39510200
3298168840
3298052589
127434252
377366720
3225099451
201377430
3226339920
531531833
2814534394
3298079897
2578922083
2823084424
3000061231
3226434469
383704124
220859325
2766929799
2485235460
3138269387
200819242
3226413631
2804420696
524424701
3226337916
1108467601
3223574828
849473161
478757815
3089759600
3188142135
32977767
1922346260
3226395548
571007446
2748404346
115039641
3298136818
3195658719
14876077
775646892
3226420453
3298146040
3231616210
3298139068
1944854532
2945830527
3214066477
2418386239
3298000233
3298053963
3226333795
3297045029
3065806300
3224691850
3295641333
3297951112
3226331358
207526477
3298077395
1076936222
300162892
19429917
2302190566
870742789
1147194476
250866678
327482253
3226425199
3226331430
3226425673
3293468975
3298078883
588759355
43285058
177255792
323013630
340998802
505271002
3226147346
3296830961
161704470
3245315553
2179292604
3298028847
888622669
34167399
3297062223
308963284
3177995836
284873927
572093680
3219695498
2372365501
374365239
729608281
1035471608
3015224415
3297892073
3145520766
3297069893
3226327164
427957716
375501066
3298073783
2907415724
289198130
3224053603
2264544320
3226381772
2243052824
1381106730
1656600882
3226325496
2852668987
3298012911
456037212
20693700
3226324494
3298026423
455361513
3226323228
2535024202
2724567800
2369286674
55621988
2458711381
3222803966
3225725959
3245327884
3298016937
291999994
3298117612
3289558649
15734368
208931477
3298015869
2820493636
206352926
519595609
3298105942
3298017831
3295621805
3226308204
3295235188
28010106
3226400497
200835834
1152901747
867025483
3118587068
1888872746
353459477
3226406617
2809744910
3112548534
818773280
3297987873
3298102306
3298005795
2917803006
3222561692
142713791
772020073
3298009011
1157937516
56840356
265164530
3226400239
3075501737
3225543374
380625537
3226362020
3226307280
3226401415
1419354570
3226159884
319226997
3027709509
3224286564
2738639820
3226397755
3298042931
3298012295
872461728
3297993873
3298039271
3226324436
3105924649
2369287963
414584672
3037205913
3298041437
3297984383
794941711
2601293135
2464393730
3295062777
1490830116
3298006288
61855592
422077968
3226356608
3226391077
178582985
247448111
510724101
1517696539
3157980092
3297916815
1533671797
1663071414
3298074400
119479776
2975631501
3217181057
1631142025
3226359596
3298025345
70584182
3141924251
3226362547
3298026017
3297875441
2747290683
172791720
3226301856
72712553
3298071154
3226304538
3226384261
3297376205
3297941781
3297844978
954176059
32833033
1293829182
162562361
3197590651
3226385629
3297173643
351759605
2474068484
3226302642
3297963357
3226301364
3297977649
3226357369
162345455
258738454
26289889
3226349534
3226352366
3226354376
3226346486
3298013069
3297966111
3003881021
2892386480
3297211617
231603951
3226316810
292210244
25337229
3297751049
25880517
3035803739
3298054564
3297514072
3297935289
3298051834
589344888
3195158779
3226348730
3298007819
3298054072
1152411205
3298043074
3297957069
28786312
382229529
3297710127
941095663
3226275372
3221884824
380226321
3297961371
3298001831
232161022
3297894915
471635641
3294348177
785324442
2180766235
3069446618
3297991835
400012037
113581214
264557539
3226287522
3297991985
2959362977
600836264
286841003
3226263960
3297891063
3186943075
3297944049
2997128681
3226340882
3226337774
3297990371
1705520779
3226373095
3297850265
3226285260
2703839957
1548182162
550655580
3297912971
3266033590
2758094137
568468789
3226374103
2188558118
3298012084
3226278690
1419198972
871042483
3297980579
3297982835
3071146385
3297399717
387115295
1246114182
3226335530
2763306884
896487536
143659173
561420050
26315108
2984970888
498838424
514838641
3298031836
1565344254
3091968189
253472838
3226336814
3289990517
3119786447
3225846168
3199535172
3226331882
3296756363
3226268832
172158526
3226334012
1244163566
1096691755
461957580
3294523475
3226323734
2232659195
73671328
3226276074
3226322822
3297912447
3297962393
3289840786
3260119029
3296668947
261300900
3297964745
1142884878
2943579941
3186904723
2952703176
3298019896
1609673539
3225415140
583239623
891925147
3297833272
3225801636
1007427037
1130000652
294196737
485521653
489370616
2253606925
3297135357
3297960839
3226271754
3297913221
64186412
3297922581
3298014814
2600195702
191175210
369832400
2661770844
3297915795
3226325252
549854459
3226266696
3297979948
3226272024
3226358947
3226269174
314706696
2855241187
614607653
557117350
48235376
34272764
3220419260
19817055
3240550607
3226358911
3297429317
3298001980
3222061381
1214788891
3104664479
3224854874
3297917613
2510707499
3297954725
2207720491
591661873
3226254630
914703128
1059304333
473683500
3297957047
3226267608
3226229822
3258935891
3226356415
3226264860
2501398560
3298005220
146862442
3131553564
388489384
3219049027
3226262526
3298008136
121539229
249250609
24594861
3297883167
1332980240
27438167
925800961
3225510444
2890010976
48792438
2357256426
3297868791
2703331488
3297951185
3226317494
493977187
3226305908
3157138490
564580796
2301883764
2631511996
3226316978
3298002028
2923489900
3297953213
3298003132
3297910533
3226345363
3226341535
146622071
3298004806
41663473
389042262
202013848
3226313204
3297908391
3198348451
154372457
3297759574
3297906543
1385982799
3156537468
3226256916
2231513665
3297905049
3297909075
1276465820
3297932291
157373525
726747787
217139901
3226243464
42468310
3226256694
143384894
3067891140
3297996826
3297983878
15906351
1398931279
3297939317
3297986662
3297979210
3223629696
2348467165
170484962
512717582
1493023134
3226341097
3226304918
551545310
413928531
3052877881
262986775
15841534
3105037592
3297985036
3226254842
131676127
409355901
614806839
3297474538
3226248486
119847573
3245288631
15811694
34507947
265093549
3297888021
3226249506
390543029
1604345256
3130846347
2212400562
2190807402
3297921401
1314652063
1010019842
3226241034
24568015
3297883647
3226300328
53074200
3223059037
17297646
187092124
3297877929
1706731718
3126916416
3297975304
3297920837
3297977146
3225578484
603527211
3295669791
2585989672
108855852
3226300364
3297919511
387153540
3297923297
554983892
2400232334
3226245114
989366766
3044788217
2498777132
3226247262
3291539038
490495015
17423425
588901664
1331158057
130743141
3223740289
3297875847
767183802
24401833
3226327429
2966526801
3226294694
3226091036
3188624609
72694289
3040128425
2626910301
3296364646
3296112251
2534585861
494705101
405864937
455263458
3226328071
16976436
92010992
3226334911
186344064
3297964846
69943334
3221130888
3085576485
3297913427
3195844508
2170417988
33472685
948505279
2989215966
3297909947
3297917849
3297968686
2407889005
3243954017
3226230390
2889244037
2305196120
3172954960
3297967132
3226331179
21588445
3297866723
3226293062
15048470
2519165819
2989026679
3297965512
3226331035
3297871581
119987777
3227953091
3297856329
3297963364
3074149630
171506418
3297955684
1609803499
3297964864
2776198572
3226317721
3225121938
51103987
3226329931
92473503
3225678360
3225865856
631584322
166864196
3226328191
1138180056
308493324
3297903395
1487075594
2209062372
2361196249
1027729658
3226326097
3226274780
2856394327
3297957604
1035458455
996435828
3226324465
3226324573
3132680929
2615989682
39423100
3297781017
3297907205
93138125
3226287578
3191985200
19068875
2382871035
2935980359
290723639
3226324057
3297905387
48001261
240365473
872209824
3297956302
3147166013
2887025305
3297811821
3297894215
3226287434
3297955930
3164457480
3297861885
3297900077
3264625882
3226285082
3297943162
328238919
3297682497
3297849879
472063544
3288783773
1663105236
2164538287
523493962
3297952840
3297859527
2376715987
3297951940
3131090957
3297853053
1209299431
26367881
1326835724
461521535
3244219169
3297950830
116569038
487846540
3009711762
49596149
1541769896
3226228884
3226281998
131824584
3184912500
193057512
3039891743
19899211
3227123931
3297845625
3296868659
3208327023
3297864748
2365472234
1613710698
446298334
1946959015
2608512431
88185358
432566519
523363808
3297947740
3226316107
3290431265
325082421
3294909203
2990635846
3226277090
3226219200
250631227
3297847871
3297655594
3297939490
3226217892
2320607186
268054411
176955486
277315878
3226225842
3297945166
3297837369
755648616
3297837165
3206901257
3293824036
3153708965
3297891527
3226221450
3297839475
51415625
2209181868
3226211550
2779509121
3297841863
3297935224
3225819270
3196766234
3219087402
3297839151
3047974138
1731968226
3224554644
35001161
3226309393
3295189925
3008358777
3226212054
2734094450
396017173
3297845271
3297936688
288408341
3297935446
3297908710
2451255656
2423853980
3297842463
3297841839
3297880414
3297886415
517905004
3226216482
3297918910
3296881240
3226306147
1473027114
3297842073
3110216348
864104454
3296491787
3186946513
3297887230
2994104108
3226216422
366176584
3226308013
2504994599
3297840537
1773604609
3226303555
542856443
3297912724
2853415309
2988715554
284315604
3297878980
2738898026
41422489
3226290535
3226209996
159562516
3226267154
3297930292
3226213344
332997832
564545497
2449294490
90720362
2352323623
3297873599
3226136058
3297872099
2906158653
3236502291
3297861809
2233115719
3226349207
296475194
3218533562
2940694785
3297609777
3297875435
110810440
3297870173
3226297129
3297806151
17739263
3042418222
3297727551
3226185144
3297827469
3297922198
411129512
2987783955
3297823677
2328975001
2706068825
3297845285
3297910300
3226291825
3252511259
2728258134
3226188636
3035655759
3297826149
3225955500
87821445
3223531349
3297833981
3226190928
3226221152
3297822633
2726174382
3297825495
59457263
3297827837
3226255178
2877930000
957424892
3226291435
405315730
993494335
2982647145
3224617524
304006008
3297765705
32018839
2519996671
287689826
3119482217
3224814192
3297856499
485499815
536178158
628145226
3297820719
3226288561
572855967
3297911992
3297914470
25922044
2859153692
3297607605
115072939
54424731
3226289497
3222277008
3297561237
3292158047
3226251686
2753135769
3028173041
2574063278
3226198866
594018888
553901702
3297860375
3226275817
63797349
3297907102
297803730
3296799767
3297858443
3228517929
3225982051
3225445644
212586051
3297855887
149601820
3297757942
3226248914
22988217
3226282735
14223044
76623341
3226247714
160225291
3226066398
2526476330
2801535890
2960234273
3191125887
3226224002
408557976
3297809601
3297739409
3225954416
3194887020
3226208756
2685594708
3297807291
3222528408
265743045
2909798091
3045022457
3224554880
3226182564
832588981
2306558011
23631252
59474056
3022533943
3297804831
3297471471
349962714
353613075
3226125170
2845491909
712323294
2909969466
3297848771
1091738712
28659724
3297786711
3297836573
20307262
465946058
3297895306
3297804237
3297793659
2956324331
25854729
3226182390
227012102
3226241234
3297896200
2174042992
3297800205
3192576884
483146406
3240746103
3294160655
2956246443
1730427967
3179094732
3297799353
3226238144
225273757
3297798213
2399114888
22768979
3244350689
3297885580
195283733
2590015010
436918265
3007484822
31507298
3226271779
2956103555
3297892414
3294241301
3291289049
3162928680
92413333
3297573887
3225012302
3226269361
280777389
3182915354
2340949652
467952091
3226172694
3297890758
74834878
3220399501
3225361776
3297834803
3042529852
102337595
3226265653
1374648500
538329124
3226077756
797056297
276105452
3248733033
3017848462
3093637033
2447949599
2369906342
772258358
338913254
3226037624
1055680394
1111183062
3226266403
51071293
1026352652
3024104853
3297883510
3226260463
3226174488
3092722569
3297784161
3226133070
3297784827
3289887016
178772518
3224594088
3226169460
3297829451
3296211161
3297875134
3297825533
365274591
38918021
1710749700
3226167054
3093668211
2558921711
2438968226
217316237
32440591
3197009226
3297824777
3226251757
3297782907
3226218536
3087167636
560599051
406234031
3297825053
272669728
32387574
3225986323
3297820577
1266714716
1053476912
3297875290
3225947804
3294680902
2737860119
3195376519
304920304
3187704565
3222654259
3051935348
3297794843
1299575292
3168268279
3297865486
3297868240
3226222255
347845074
445088028
3117867149
3297778077
3177962298
2233270465
3297763935
2576775313
3097687931
2284816960
3295243719
498883726
3226253503
3226212398
3297867304
318042982
3208121350
3295224437
131299407
3224656441
3290078182
29615509
23036510
1128870229
1144774898
181439184
2297806513
63534759
1942089636
529040080
3297869536
186883213
1436471503
1673359898
3226151982
3294482633
3297870160
3297818435
3297767739
3297814919
3226143804
210129358
99660883
2598548673
1052965188
181440442
382794500
3081428012
2358606247
713881841
288964453
3297317014
3226153386
12655232
145943555
267112486
785886582
3297738729
3226247467
3226168232
23806572
3297862090
3226157376
372614218
3297855358
2763221506
3297769305
3220266234
124348212
3226184600
139938238
2643804135
97955491
128030992
3098974241
2952834163
74413921
3297860392
330642791
2924202558
3108410670
3004081407
1965935574
1042400120
2973058294
37432395
18469992
57842273
3297719457
388453437
44334769
29015534
43621023
50947704
82342288
3297856768
432029800
274970800
1714508924
18493032
3297857554
1357484418
29081649
3225592045
3224955896
54233112
3207177275
46347189
40691944
3225915906
3181531014
2167202659
3150712179
3297762975
3297396509
3226206302
388387116
261546330
408802809
3296676904
468654203
1962159115
3226203494
3226200236
409332862
565542667
3226238731
3226196366
3297757833
3297853270
3297803357
3297849526
2454598953
2741374685
3297759471
116619106
3226134246
3297756795
851081952
1934531204
3226202012
557203469
104053105
3224191944
3226145556
239400833
230464281
288931589
21195056
3297400737
190323079
3297799469
3225776834
3297798467
3226136346
3293232082
1623575106
22574751
3297694059
176499641
3284328465
3297847990
1106419495
424763424
1144485390
461710073
339709653
3297787547
3226230301
3226199312
865400784
3297847462
3297762263
45244379
3297845950
3296701485
3297847318
3020204629
3225151386
3226233613
3226193750
3226074104
21368060
22483268
3226194434
2478725827
499135186
3297790337
3226141398
2966539379
2522404766
2266141268
3284787797
1730338236
3293893283
3226142718
36949199
3297791219
1369120448
2608716554
3226194512
2267303767
3297838372
1459358149
702557048
3297840880
2655921394
3042965845
3226226275
3294068151
1641861648
3297785231
3225830670
3297593433
3226188506
9496932
3297744567
3226180855
3152320993
259447555
3297785261
3007778487
1003756710
18090808
760086229
3297767849
3226128156
2839392286
3297741525
3297836464
3297740865
567442834
506120382
3297783791
3296985892
3226060609
3226040336
3226135962
3293662961
14284252
3297766487
3297783557
334967742
34602551
3188483466
1365680430
3226131210
467899132
3297832258
3049071787
3099784389
2796681860
25682117
3195552437
3226220365
3297737847
3290289141
3297770632
3226183574
3296330897
43978734
3224310810
122238064
2199001101
3081234911
435057625
3297830716
3081402293
263283348
81079140
167614267
24362849
2894908386
2623885877
444687161
3292035803
43339022
3226182218
2879063912
361718863
3297720309
432209928
2846562772
3297723777
3226181132
327073110
3261765772
2424746376
3226213549
127744877
1891130796
3294063227
3226163000
3254304868
3226205251
3002343063
989197825
577306412
3011758405
911232672
1138761228
3297727065
2832975001
1227394884
3297770705
3297771275
1726196551
3297818074
354462388
3297565527
244871207
3297771257
3297769817
2884026905
3226195693
3226110510
3297820432
270008495
2921609724
2888017610
3226111104
2992276839
617189160
3297765119
2440732121
3297767345
3297724191
2902186591
3226152350
3297686307
165617775
378474767
3226198897
18284204
276222380
3296711003
523283719
3296353204
2834821261
3296700893
3183278977
416164521
3226108146
3297716235
3297813166
3297725123
556534351
3297809788
2921142767
119143047
3226107960
487834886
501305183
951154748
2931933986
3149771757
3293043047
2290079861
944996886
2906103960
3226194739
3226196581
3297716505
1466829776
3297811144
17235903
3297760535
3226046239
3226143692
43975879
743389466
3291395182
3226102422
131832572
3226102518
242082580
1327960964
62601385
3226155926
3297756485
3296496760
1435438225
2899377725
2965156089
3297800422
2614448820
1950672084
3162675434
3226109288
500240648
3297806392
2199623196
3296604496
1187280031
3226187827
3226153010
2841577741
3025494489
3226155506
223147472
2796554098
2777087410
431980392
3297692121
95709140
3297777700
1909106773
3184904648
1345342862
433043731
35566112
576612650
3216328616
913943822
3295624703
3297749021
3297609779
304839398
3292128754
3297799054
2773174742
2364607148
46017203
3297747479
3297745121
3083694122
1229846660
100942609
2776872972
2614474296
615449411
318278327
3226143548
3226184497
3297795904
249883605
3226181491
3297703023
44305828
3291828598
3297797596
3297796624
3225729366
3294741875
352456700
3226093482
3207630946
3239500149
61237045
60065966
3126657448
3226092888
1954128409
3297792802
3226176589
27303300
3297696315
3297776836
379750211
3297743183
271592647
3297795094
34670515
835000670
3297736223
3297790876
3297677687
820993170
2318157158
3297738707
3297740315
427303567
89363523
3297788524
2350100870
3290898377
3297716861
3253487381
3297788602
46315640
1333961503
3297736871
2257019197
626678268
3225892232
50244671
2436077301
152848217
99546910
3008262582
581324351
3226140500
3226176157
3226173217
20367220
511928173
188406079
267512088
3297735251
2980012084
3226172671
3297613307
712227043
585065744
536861162
3297783358
2311837363
26109077
2883496523
45785538
3290422618
555501270
3297687591
1663051514
3297688887
3030010307
3170732287
19698249
172723843
71597981
3146267334
2979559498
1363817996
3226132184
2957436557
1543984386
3297730529
48819713
3297680511
188790640
3225800948
3226135033
3226127324
2587653758
3225449197
3226076742
2717665217
3226167229
1104768248
378651453
153933020
3297775270
2356676277
3296593011
2522593074
3226069266
3226130228
723502867
341977868
49027311
47860052
1179107946
175524467
3291014591
3152687120
3222441368
3226128446
3297679101
2686477489
2897201391
114305922
3297674889
251066193
3226073364
3253892338
466448131
3245326655
443465159
3107483346
460065638
3191901018
3226160701
347042810
1158382260
3004247167
3036309492
3297678249
3297706973
3226070814
2175672834
3297511060
109072963
239486851
973532654
3293326047
3297767704
470321531
3297769606
3297771094
2295996187
422762085
3297648405
3256654883
1921725500
1103815802
498989226
3226159729
756814446
3226069080
1865417083
3297713879
3297718577
3226032050
3297674565
127974425
3225194616
3225536989
2886081088
3226096064
173964197
3295393433
354278522
3297673659
2949492501
3293462841
3150472981
3297671889
3194059374
2159751045
326937730
3226157239
3072490312
112925697
3226044464
3291418163
3226153885
3226152511
636893505
2239431398
245895885
3294940209
3297735598
3297714149
839108178
3226062858
3192657902
415387466
580400618
3080201944
501801931
3226063596
3226107050
1252068564
1086568944
3297666525
3297708005
3297756604
385213540
1006925376
2296008674
3226145275
3297751834
2895726848
3226114130
3297754870
1331383808
2797187348
2556633169
2338217124
2461416683
2473059350
174192977
3297652665
3297734038
271804203
3297746110
3226054416
3297664017
3089569200
3297663687
3206040491
3222648822
186548658
3297662715
51516401
3297700175
1593436076
142047398
399393920
3226147957
957418124
2943704980
3159413603
3225756163
3226338076
3226143595
3191871373
2903529953
3294622732
3107255354
312559294
153043254
296686086
1058386699
3297750508
468567191
3297696215
3184994323
1854905545
32419069
2746413345
3297658653
22132094
2737487243
2411551414
1926539942
533295018
314255469
3224224657
1035062940
3226106042
239541440
2165405680
392990525
3226107464
164175436
3296725318
1361524375
2733786871
109171521
1413749658
45576726
3226139407
452365734
3297697775
3178461007
2436776670
3297650379
1387467510
3223385216
3297691883
3297711196
1240779720
606141151
19125618
3296472429
3297692915
37577767
3297694907
3226121953
3074783625
3297670858
164695541
2587687983
3297645657
3115972346
811008630
1540024964
18566743
3213191761
2756317985
316278350
3297742426
3226132501
3226100089
3297645231
3297731914
363732330
2259856261
3295741475
3226040970
3297639939
3296344479
2611051465
3174323480
3221171166
3292003757
3297687335
24715181
2298456974
3297638847
3200165069
6684942
3226133125
3297682535
3224707386
155026167
3226055072
3165119443
3297683273
317843963
2747611083
464797468
51054023
3226036350
884560692
3226055456
3190443045
3297732304
624406899
426454195
3226090070
3167266255
3223474820
307937777
1465902600
3297635223
1324605350
3226107433
701337782
3174221235
498244104
2610245530
3226126021
3226125127
3297635133
1319887482
3226035024
3297671663
412754865
840020636
3165259952
3297728398
3297632889
1863653023
3226033644
3297634545
3289970104
393319309
1833894433
2617879825
3226122253
2897294431
3225989250
2611188109
3226082330
26372949
3296942225
3226023552
3226032912
623847932
550921012
3222976033
3295106620
174225594
3297266313
24343221
3226118515
3226029312
3226120399
835831220
508582121
2353507502
2911553384
3159501626
3291408208
142768842
3032286856
31236769
3297626823
3226079624
1919415626
457872418
2896056123
2189603779
3226109209
23855993
2793628853
227261344
3292888469
1055142559
564920360
1872732014
550879199
3297621117
1074466446
3226021038
918496250
298253688
3226018674
3295132847
2471073797
2842106921
275459518
3183233635
2379570508
3016191144
546152122
3297664913
42873060
3131285908
3297619275
2881619930
3226022274
2706146440
1670200838
171562779
3297619035
1545112128
3297705022
2906276155
367619556
1589246779
3097281831
3226059824
2886474167
3226069970
1147304490
232459624
88398823
3224925014
2844067403
54425877
3226051064
3171433237
29686132
582099066
3226101439
1246823173
3139788625
366530943
2157561435
3226103833
1851902377
2329069494
3224774334
3219318139
58152129
3225857862
3124189449
3226056950
1520215393
1585625401
157162623
63038271
3296840645
2656639404
67676793
3226089835
3295301368
3240427103
59101946
565495864
3226011030
3297607995
3226062896
432146662
1672962440
187085009
3297700102
3297623074
3297695470
121138517
3226002984
3226062116
3297699580
725622535
480677221
91002860
3020415109
3297697570
338373397
1100874336
3226079977
35423739
3297584901
3226060574
14339221
3226059734
3297585489
2167038005
3297642299
3226056362
3192954158
3226094077
3297581583
150268898
122006041
526227485
3226057166
3226056890
25754133
3220666003
3241144618
1410819722
3297581277
3226050488
3226031258
91111148
3226000848
3240081177
3297635213
3297591039
3193201873
2563401877
124855909
3297638417
366537630
23700159
124300071
429217249
744636356
2903088950
2280935104
310854272
3200522177
3226089091
3133108703
2727204160
3226047788
40876362
3219500078
3293115022
3225997332
3226085995
3226084483
278737728
21879101
2250646554
3296628724
3226044368
3182743051
1012377170
3253689646
3226047548
3111201008
3226084129
3297570309
42594600
3297537867
532980312
2745799196
3297576519
3225991710
1059882140
3297675376
779533608
3297576633
452725051
3297628529
3297662662
767362800
3225973958
46906297
3225987966
2915419658
3225876672
3224104412
1248797275
2333912827
337770907
3225985512
3226016996
3226071793
2990965373
1883526378
3226006280
3297675892
3297578703
3226041596
186899524
3297675640
123362709
869110423
3297673678
477868045
3297620513
3198244430
3226074397
3226075207
3295660552
3226035968
2511826928
206443467
3225977076
3297617351
355109429
3226073575
3225981744
3225854018
3225984468
3297663490
2800155778
3225979170
3226037174
3225982554
3225980304
3052047379
2823950063
3226072267
3225953563
2464140025
3225948643
2527343244
3225965484
3225972648
3225935936
3293344534
2178630414
2963915789
593824095
2693004680
3225974550
3295339055
3044636969
3297569511
126408593
246396992
3297663046
532036312
3226011116
3225773634
771800720
3288764931
173539057
3223233271
3297566667
3225940344
3143437580
3297607061
309799425
376612119
2178476664
3225968749
1477216878
3027378110
3244068903
3297606827
3297513075
3225973206
3036065755
3297658150
797882539
1484055906
240265934
189286742
3225973231
832992716
2505487173
53066901
3297550641
1600017127
3297548193
842045498
1703530344
3222335612
2386632108
3225415242
3226020308
3180652687
3226021562
3297642340
3297084651
3297654364
3033630887
3297653536
3297653494
3297652534
3225964560
45537129
3226015130
3293984950
3297600335
3297554661
3226017632
3226014824
3226016786
513558069
765034735
377745504
285767969
3297554385
3292643645
251032749
266198847
2589052229
3055532106
2761312161
2528165918
3226011338
3297554187
3292756041
3169585563
3226010120
3190531749
3225947118
2797806080
3225963138
3297552687
1099435957
596975287
3296533337
3225960762
409187927
3225962712
3297530608
427443969
2425802383
2192147165
1899505741
3297541527
2962136605
3226041277
3225993716
3297641548
3188535662
1225804519
541170249
3225957282
3293224985
1902774931
153440055
3225957258
2899678199
782345611
215546699
3297640642
399347466
3215996907
1917771163
3297584471
2898666024
58786391
2491404013
1140454278
3226000574
966526544
2956495580
3297584201
222449970
3296307267
29392882
3225986534
3226025737
2941524002
3226042885
3226011703
3226007270
3297538767
3226043551
3226004738
899784042
34961137
2366245591
3224352926
434245767
297840333
3225951534
144582623
3297584123
2199182774
3297597394
3225951018
3225727326
3225901880
44074292
3226002104
1449757394
2615349500
2747397850
3297614056
3226001852
202566898
3297630820
3226032295
2799087782
83744167
3297535059
360419042
3294238300
3225947988
3226026535
3226036951
285454801
21691112
2609472984
1038414036
3297576443
3224757230
870102116
2868515211
3297539723
3068530986
3225990908
3225983276
3290099631
2460123880
3297625096
3295737825
3225940626
3225942708
3821111
1855081986
3222563664
187000844
3297572057
114543834
2971263610
3297124966
3297572441
3292762695
3169286375
37648786
3225986768
1311076262
1371389520
14889430
1851749317
1096641452
3297570143
1428209522
2894498544
385318189
3294980476
3297618376
370506617
1875584712
3297459651
3189277082
3225989468
3225990326
2921087884
101865469
3225932436
461831502
3225850038
3068470574
3223091942
3225985898
3297614662
341396653
2957392428
3195247446
2591278884
2608793077
341364091
22585016
3295202158
806985828
3297500169
3225095814
2299584322
864213104
60797786
3297519177
3297196600
99592873
3225980756
3225981134
156236747
3225928902
3297560963
736567448
15403049
3224237226
3224836886
3222566834
436472009
3220479650
2731984166
1518763777
1494634926
1226618311
2769343462
861072570
3225974066
202714208
23230845
3190970376
864692718
528862784
3226015507
3296454021
3297514383
3226017913
2970302499
3297449781
3053352529
3225316454
899908518
3225768937
377361324
415197156
3297608068
82649796
96907940
3225975764
3297605704
3226015243
2433374917
3225974792
296229381
2935992506
286018410
2929517122
2456219298
3225995659
3005297363
3297549695
3297601930
3297552923
2970924136
703322527
497954074
2871424006
1724431
3222913093
19331817
198182030
99889441
3225973694
3297507201
128725474
94607707
3226007209
60311801
2726360151
3289704711
3225692280
3225066691
3222759462
86687468
2913954183
3223563025
3225946208
195590083
3012938644
3297536933
626247203
3226006777
622632328
452007845
363653434
32313236
57913600
426494633
3204216066
3296113354
2661094565
3297466599
2843960003
3226003171
3225912744
3297593422
903333302
18646398
3296687722
179979864
2984267014
795774565
2659616848
3297543299
63569008
465430005
3155197628
3226000285
3294875194
1094884518
2294712482
3225340640
3200345750
54453269
3225997273
3297540203
3225990769
3297496833
2199554411
3225996781
135817855
23892593
613285254
2588158696
3297521189
3225960350
2283161311
120510761
63055993
3249093832
3297588412
564733472
3297534131
2490736208
3225997951
3225905712
3083416296
715350740
2817351504
3235029413
45964207
487592468
3225988189
23317257
193579914
3261986387
2150609163
3193251884
3297492183
1099047572
3297586252
2893113514
3041758251
41314231
118417822
965478535
3297490047
1448801192
3225990469
3225901476
3297166311
2164759392
3297487467
437880204
3225985273
3297512572
1851167862
306001435
2812962350
3193237942
2905050170
20069696
2955675279
3225897528
3225920551
3225328670
627626067
1487585778
29067308
2829899497
3223663778
845326615
2369645562
526045597
3225896340
1417541473
61360361
349081224
3195664776
791900382
3295532195
3297525071
3225859716
3225950654
510438349
3225979741
3225940430
3297480933
125157628
592316747
3225892950
128284079
3294198249
3189466303
967672579
3225447709
392308325
3225983989
3225875514
3225891972
362982026
3225983179
3036853526
458684256
3094737320
113147979
3207065441
483951140
3295345071
375027934
3223068139
3225972727
1542155328
3182301249
42629740
1034200771
126086466
3225827144
570605072
3225957901
288395165
2426927275
3225959185
3256661741
3225869492
3225934466
3225881784
3225935024
3039771269
2495795942
3225938588
3225886752
2682711179
3225921704
3297024069
3225935126
3225877788
3297473955
3225882432
3295840257
2913403036
1149538405
3225937568
1595598594
3225902221
3297515657
3297563638
2291223200
3297513011
2256224172
601762471
3225853086
1013090726
3297512039
3172215310
2217415970
3293371683
3297471639
3225933866
3294127361
3220043228
3225932558
1663985611
3297564646
1461558637
3297469011
3297513803
3225924410
3225874302
3225835074
3220070875
25022334
3224789160
3225149790
3222871512
2392544888
754911836
1874335740
2992856354
3225823506
3297468147
39864546
3297562876
3225925082
3297465531
225744721
312512439
3294612803
3225957853
466804987
37300522
3243288562
545553904
2380891586
327990939
2306565259
330495951
3225925916
3225929546
200071209
3297498161
3297559564
3225038306
1495119632
3225965395
3088358670
3225928280
3297542290
3225876198
3185438023
3224855352
2787359792
2239213340
2907604235
203023660
3225807672
3225955867
2819612919
3225917024
3224844594
3295946968
50321811
2905003324
2780278014
3221475888
3152110537
3224060982
2776971643
3297508762
3297552850
247071366
3297554938
3016142742
2963440269
3290861997
3225921170
3297554584
3225960451
91067758
3225922652
3225866586
421780783
3193078819
1723422613
282438555
3115934183
3225847230
2216495929
3297552100
3225920876
3297458955
3015861852
3225858864
152122874
3225921368
3225957007
3185624694
134488034
3209559135
32327509
3225959539
1067041566
1893508622
295699816
3225923474
2394330515
28985022
3297451989
1005435092
47168983
2941988341
2743917552
52862026
3293966303
3225954757
3225633924
193158357
3225956599
2303248886
3297495287
3221589572
53463643
2204923868
795872594
3225863346
521923257
3222338150
36515277
3296974666
3288514834
3223069698
3225917666
75073790
