3297183299
1316704742
295004531
3253225679
3225911576
3297481007
411313439
2353580502
3225949609
2756719185
2224247201
3297447873
3225912614
3225857826
31195991
560519274
2402295698
3225854526
3197072360
172899817
64184304
3225940489
1351611900
3225896132
3225848802
2489376526
3225908072
3156198272
3225878252
3225910478
3196863385
3225855534
2922746500
201156659
3225946189
3241706122
3297489527
247949330
2765068366
3225846402
3297487979
3225945121
3225945499
14281357
3296523886
3165913677
2261949835
3223507969
2912903142
50263373
3297537838
126616657
3156087682
3297479123
2710895431
3225904676
3297486592
3297485255
3225844477
3179865168
440675284
3297448865
3225898430
2419597045
492612591
3155984823
1265574230
3289583104
3297037625
3225899852
3225846306
1010542322
1727442968
3224635890
533639547
3225937135
108788472
3297527206
3183070087
1910385745
3225841842
3233871873
2305675477
297278594
3225332178
2722258143
562120701
2417325444
3225844002
1928178812
281869374
190765846
3297515806
183366735
2883787184
3225896690
3296252513
3225843534
3225780924
572526013
3297415521
3225926275
3297153118
275221017
3297474773
2715345737
292254894
3225893996
505207587
3297474005
3290986432
3225079927
2543069736
304809043
3296911109
3225891416
3221742317
2695686732
3225692202
3225833802
959798683
165107062
3225081734
3297408501
3023923371
3225926287
3225750392
2551897017
3225927517
3225891536
3297454349
329803321
3297470393
301872915
3225925045
1519650282
3237480663
3225227274
3225834990
3297424161
140394390
1851795283
3297422109
3043634469
2241227614
2917901240
2893810832
50403202
1386095184
41807016
3156898734
1904613445
2585765324
3225885290
405764046
163072407
434707178
3225887474
3225881066
3296212594
3297423405
25562693
3225786721
63607492
26643597
3225882536
3225832782
700912650
3225920245
3297495442
429449746
21966746
578248251
3225659466
3225830322
3225884690
474106107
2827172970
3225884306
3297379995
3225827988
3225825906
71441369
2783461891
1710538087
3297460949
152790473
42994048
533180111
6670482
3225397404
2891443265
3297502036
1325853420
2831199688
199151761
3224272556
1858629410
427836954
3061309294
971284164
3297412113
3297413937
3297392487
3225819996
3012901804
3225822198
3225821796
3225856148
45394107
1547719170
2513382950
3225904645
118832662
3225827005
3225896923
42650544
3225909961
30821360
95072966
3225820290
525426259
102407277
468392616
391913465
3225905041
272165113
1274067662
1433110868
3154256008
758631740
2851467998
3225740844
3297486970
3153371856
2224917834
3297503476
3294043829
3225909283
1275969896
3225873536
3164971526
3027368413
3016121660
3127131236
3297288616
3297451157
547965027
3203755408
2750338102
2758417801
3225815394
3129598854
23355723
604876310
448082855
3225904315
443419204
2745253643
3253005807
1268007278
14653298
3225814518
3225813828
55057065
217682995
3225901441
3297403419
3223019443
570891532
274861636
3225902287
3243582964
298706013
3297018569
17123219
308919049
3225809526
107458955
3225860840
3225863834
2319296894
3225859862
3223694678
3296240655
3227080066
575990476
3245548402
2326001732
3225897625
3225783176
3007513224
3220278709
3297493420
3225861326
1239620083
472183677
2245229154
2300748409
3297340371
3297440801
1392451039
3291515975
3066631988
964322348
1252342934
3225859346
35145932
3297487060
149426574
3295419753
2303498526
1177629781
1052901722
3113471544
22546260
3224312076
3225854780
3035432894
455579023
3225855800
3225797670
44140435
944075011
930656010
3225840488
2739475434
2879407772
3279789442
3295396054
2213486383
560727989
82330613
2891392946
3225600500
3225846710
876270800
318075863
3225719202
2493553148
3297468562
1009608362
3296759987
767657382
474615832
3070021657
3297482206
3225779574
3225849146
865366908
1156292246
1365681528
3225841826
724173960
110634597
1648446642
386697278
129301076
14458460
3171325614
152570910
3225849386
339861018
3225883693
40878978
3190964400
28424242
1934702239
3186117560
297752983
3126819322
257977628
3225846206
3225846602
3176901542
3297376457
747720265
2611346330
344665298
3225784314
2320204837
3121401295
3297474766
3225788742
3189361896
2936069384
3297474292
30900525
2970855945
715422483
2335999602
1067893032
3225789372
2900457722
1939524824
3297421205
105833625
380153265
2311415378
212140474
3225836690
3225872875
121574544
3297460594
861967584
3141009715
70883161
3297469696
3292927337
2968456956
531921757
3103193881
3225785550
90858709
3297467908
3297348399
2612022601
3225873157
2186131
3225163566
1651123009
3293643725
2615535545
375235047
3202261054
1597368626
205876258
3223063513
42615927
3297454294
2704506211
3220243742
3225781908
3222131539
58892754
3225835190
198315459
3225868189
2576100297
3225869203
3224678702
2384111383
425594762
448327075
412334044
30083362
3297463450
3292161484
210610485
2242504039
3292022116
966867619
3297461752
984435614
3027453145
2885145520
3225779064
3161190065
3094895836
80852364
459257984
3225866581
430048391
3225865981
573995312
3289009881
3225866683
62368169
2787121262
3225521000
2909579126
2988884875
3224247492
2584147634
3053338754
3193246672
1170926778
33727887
1319307302
3223989482
2737721412
203804886
3225825188
3139767440
233952388
3224846624
262799475
3225856849
3225774072
3191902670
3225771864
2369742648
3297406109
2883970688
2729532873
114603722
3225746232
3297403319
1489050343
2499460254
2948959201
49205750
2722137863
3225824204
965939227
2958942862
113748965
250353484
3225859039
3171732954
3225769578
371937972
1950323893
3246768017
173195535
3225850213
3225822794
3096997274
3297351861
171993020
2968988241
90948058
3018788212
3189107588
3225707574
3225768258
1091429924
140477798
1213436023
3225376800
3103745028
3225819638
21348228
3225817664
3225739332
3297180256
482755379
2722215335
3225817292
1607405353
56441880
3223880516
341705544
1710731988
220042621
3297385067
155054553
1102587570
2665766645
3225816104
3297395747
3297444172
3225852271
3041579007
3297395045
72359888
2237414909
292366583
3225246798
3043796981
3225815564
3225771109
3225760782
3297351921
834063728
1597412162
14260972
52708445
2956282267
3225144276
3045795499
3297439072
2300554809
3102125641
3225810332
2231637750
3038518981
3225846979
58021665
27954956
2762449057
3225809180
3225711438
2179886466
3225759606
25899320
3297391823
3225843559
222867509
65007458
3183827282
3224704542
2390476158
3294748173
3297346623
3297439888
242114913
3225753930
2369733397
3297441130
16443348
341094212
2484672735
3297345591
2959838641
3225843655
3239097700
2430611264
137369441
2288025873
3297377381
3225754290
345752002
3053405852
3292768145
896736978
2369117648
3225804458
31617152
3297344937
259521345
536773738
3297434038
3225728474
17270173
2447074783
281337359
520866404
3225838885
3225796292
3225825091
3225733508
62289128
2567793871
74373582
3225804524
2986532199
203384352
3297432988
3225792716
2414644196
44709309
3225795056
2470489308
390279955
3225735972
28812082
3111699496
50927160
33593848
2991251663
63905261
2216174641
110613808
3225729894
3225837853
3296968810
39099288
3225730368
2890394630
1312208994
29644288
131884601
3225798524
3225794750
400706105
3225748452
114156082
3225801992
190393077
312989592
49004260
47928423
1223021161
3225830401
3225741444
29311826
47821424
35348825
3219172460
3225833149
2801843713
2823725112
98546829
3224856780
3289105162
2932424775
389305944
3297337607
2676663836
359759689
516793981
906626984
145216041
3225831565
3225718800
48795711
403689620
3225736824
426806065
3297367817
370026346
724584932
3225793268
40886475
3225792146
3225790712
3225768524
2748566116
3100462324
3225601705
3225770312
35694523
3225792938
3297006305
264527138
3297409120
3297318711
2467761606
3225728611
3297414598
3225735510
2464062894
3156987091
959687780
180994317
96681551
3225785882
548833135
3297359723
92272654
3296425767
2654271949
168960033
268638539
609382017
2807290920
1703908556
3225635844
1201094492
3215283256
3225734862
2975532949
67388273
2457454930
166086535
3225824959
47561156
3294436174
3297397060
3297318825
32833094
3225733380
3225732156
3297413782
3225820825
52583187
3297319353
3140608223
3223349100
3225711504
2594965640
3225425407
2543341722
3133800871
3229466680
67455848
3225726960
161430993
318465481
3225728466
950089825
234926964
3297359897
3297315525
3053640956
3194936882
3297358343
3297315255
3225679932
2891701634
2942906774
341058647
912636882
3225815065
467887668
2597393689
2720671039
2713106237
3223961456
3225725574
1274613925
24003058
2427928356
3297244647
3225122023
247027358
629413714
3224153053
19930826
158207651
3225815305
180205069
199400134
2991752479
3059020466
3297353309
2215684130
3225775010
2996304456
3225722412
2411894720
15300680
3225721704
3293020875
2728648222
3225722034
2956625023
3209936002
85433428
212734438
3225807211
3297402646
3297121449
2932739038
3225719244
2267779367
125156851
3297304419
3225723456
148316889
3225767948
3225764846
1437254256
3297301749
3297307721
212560297
2472382397
425032914
3082826119
3225811549
2311155319
3297345941
794645690
3225804187
301051241
3115731823
3297344891
35585474
2958052699
1385857411
3123115927
3045669829
2812509285
3091314866
3225793027
453465714
3177194581
3055660178
3225480217
2267694691
73313373
3297396256
3297292587
3225671268
310971247
2967041230
16703707
917440716
3225244550
3225715116
537357853
3054545270
2197804597
68412077
862422072
3225800593
3297334871
3225769424
119426354
2728483423
3297292089
480956062
181848506
3223556593
3297296055
3297390496
900196328
3294665583
2322905420
98980596
840632472
2718344039
1728484136
760076042
1668173078
2206427517
3225803281
3297335429
3296927333
1714548992
3225711642
3297088485
3225712326
600851550
3225763292
2536057465
3225261379
2955445708
3297284229
3295673579
321746349
3225763082
3225793159
3225689064
2911755583
3225711798
3294512332
612870292
261343957
1390096668
3297311021
2321284813
2728832242
3076014883
3297283401
2262188611
3297378730
1863139824
756531938
3225795097
3225709884
366030534
1620370118
1139040416
3297320027
591263710
3078845340
2484507205
1605886363
3225759656
3297281967
959825960
3225760910
3225699594
3225760568
739593048
3225704754
3225796297
3297325511
43662409
3225774295
2323380154
195967170
2609506701
22500898
2986146607
3234068734
3225759110
295093175
462830620
3225735272
3104598578
771135211
1638867553
700346743
3225702804
630682878
2883060522
331802403
3297370156
3225750542
3225486350
331314889
29717222
3297318881
24326669
3187757780
3225756818
561536818
1325376523
1167808513
3225756398
387275287
50992124
3177401917
3297369988
3071372341
2934371657
3224631008
913527097
3297263961
3297274509
3297371452
58248651
2639056840
241686622
16703685
405906534
3241228125
3194788004
295663324
3297367036
3225585936
2809859534
116048204
3225789037
3261774653
3225119828
3297365530
2960696362
3225745388
18146176
3296888050
264970963
3297314789
176959669
3193814378
2383342471
800676786
3297270165
963489644
21931753
2207873490
263354090
3233116270
3297268125
29911792
138785286
3225749804
2289060049
3295995645
245581840
2301836098
994996009
3297311519
40233202
102881680
3200609371
3225695022
200416626
3296391377
226658643
22098562
400936113
2554712563
3225774205
3223942704
614047299
3225760873
3293662750
3225747152
2721567316
3252340773
221163576
268985486
51642720
49468412
1400213449
3224509375
3106619361
2730384507
3225779743
15387267
2395175382
19625744
3225739178
2543062167
37119056
2849255635
19127750
3156020113
3225687966
3297252861
60687045
273646459
64727445
133762498
3297333316
3225740972
1566884754
298578587
3181798117
3225777121
3225687553
3297227763
3297254145
140281670
155364742
3225776029
32851980
3297105875
2802392281
1708294014
3290597321
3297250959
3225685932
3296930422
3289946189
3225735464
405646553
2444441431
1031512340
59676028
2761884741
1669080234
3225736544
3297249147
258974732
107279455
2492132084
1636704169
3187424733
3297336376
587051755
1066172064
3074596117
3297214948
83259033
3225733790
3297243891
3297288545
1644275622
1651973748
3244261510
3225735134
3297284651
386804276
3297332218
3225678462
3225679080
3297241767
2908171641
3225679752
3225732608
3297324922
3297243843
3225730502
30760607
911269484
2566754704
3225759475
3162180842
2574190640
3225640116
3193819208
3171461177
3258681425
3225652158
3297284111
370047904
3225717248
3108695451
200938098
3297333814
3225728822
3219346934
572671931
3297239997
503834217
3222883976
3224467464
3225433142
3190182180
3297232437
9414402
25215930
3297234381
3225672528
127810015
3225726704
73317782
246008541
3297236307
3224795792
3225761563
2284399070
3161924762
519132329
3297232785
316327377
3297302632
1642198837
3294103131
368488026
2394075003
389336044
1042148306
3138715127
225088808
3225670428
66069228
1655870888
18039596
3297231459
237869693
2481401970
195775402
52915615
3297322516
2982676342
288346225
2793482372
2943144047
3225669144
2445485035
3297305842
3225722102
3297322678
93570778
18926745
3288064030
566444373
3297278482
3225720776
2933945159
30047461
139187947
3225068749
3225720014
24590406
3297268817
508366277
3297224979
105006193
3224543209
954152863
16208054
2902503032
983581585
3225665286
3225716528
3087604917
3297306658
22293522
1211955326
2904400355
3187204051
2739528134
3225650808
2991526255
3225219883
22235764
3297315112
3225662328
393675125
166726931
3221748282
3008460421
349562564
3297258155
2945323917
3225662304
1668943872
3297217455
3219740262
1575064333
79305443
3224983758
3220430797
2398266342
345047007
3225743695
220440154
26715578
3296792969
3225633186
3185676086
3225750109
2920422614
2870805072
34585443
3296724909
3297199773
2811958063
2203802250
2887957356
2946864629
630564278
809494932
3297307366
3297245327
204151491
3244142374
400808418
3297253763
24968571
2992519716
3225746263
16999689
324608075
294361039
2779894257
3297247763
1157425657
3297252377
3225655188
55285327
3225744493
32924221
3225708374
3190248180
3225706850
3225707858
3225688652
15024864
3225706844
891557323
441450549
3297206913
3294262629
22560276
799068438
3023501301
3295136039
3296837393
3225738985
3158843052
2752432718
3297245645
3225639612
265940528
3036662751
334838577
3225601716
3297191661
3220559821
245642130
551216563
3178123902
103049005
1496492430
3225701708
301014571
275912302
1923884900
1410679236
2188145452
3297237701
3225737605
3225702464
58604847
3225644436
3225694076
3297235673
230077344
3297233519
828433448
3297130647
3023530667
3297166761
3297283690
3225645108
2276920044
2247819782
66235033
1413053575
578094238
3297232763
2347435908
269857180
3225695702
2882168503
3098097610
3297177927
2498277742
2727707391
3225733165
17676550
3297228527
48786823
3297245044
507103586
3225730921
3296877947
37105342
31302655
3225696902
2924661132
3225632766
2708240605
2174827072
1053933108
1648941889
2244621944
3225631866
3196675435
2922180935
599448447
245489219
1566365930
3296926685
179786849
3225630252
3149881688
3297278854
1551446660
2517041488
3225437509
3223380680
3225730363
193069352
3297273058
24275789
2157886050
1330080145
2544083106
14538268
3297180549
27501147
3192863287
323527141
3225669728
19674419
3297224345
3297275032
14403344
3223527756
104680461
3225637746
2353665251
3297180105
39782670
2205628513
3297246070
3225612618
3224701657
1616993492
61658156
3032378762
2288124613
3297260590
20121202
40229629
251142643
14067079
3174435003
3140712204
3185356002
2904876322
3116000858
3243633813
2792943160
3116816393
3297172335
824303420
1650469724
2854044910
3181460039
3171838729
3225635868
3296624440
1463111064
3260126740
42906254
1671887796
3296811269
29067762
3296020702
2792854263
2532777850
3007468944
2758718285
3170623651
2568224933
1607437424
3085941150
2738350445
3297264826
3295313433
3292669636
527864825
3293481819
3225721255
3297262678
3297153039
629006920
3297259900
1496681786
3297260086
3225720139
2614377218
316780483
12252842
471678299
3297206495
3297258436
2745496834
3297157077
3297172313
3225627390
3297256840
2669147455
476595389
2756849020
3297161745
3225542304
3297253828
3225625074
2394336539
2292266163
33394155
3297256276
3297254152
2791421966
2963399170
2242460801
2360706587
759062588
3297202529
808169492
3220761620
2217707802
2903250895
3297023014
3295895661
277901199
3225679016
157142005
2959570475
590001020
2868420020
942445842
2257979153
3295489853
3297144935
491722751
40636840
3225677060
2285660070
2893230174
3297148845
3225714565
3297247942
3160240208
3225676886
2755476377
298003205
404962611
54076555
3186841556
3105960250
3297189095
3225706285
299372075
88672555
18585720
3225710419
3181333506
439758558
2745077836
3297191831
3225669896
24209430
3297148137
153090465
3225244855
74767234
3297189179
3295356754
1901249480
15938015
2612649702
3225671588
2955087400
3049083675
3051560562
95096425
291176645
3018251409
3297140987
56125523
2441173919
3137901240
1857753260
2849800343
74594475
3222707730
2584675489
3297235930
1698120565
20232280
3297236230
119928740
3297135243
70316660
2814604901
150571621
242375077
3297140679
490848302
3225491838
2546715133
954604710
64793606
3296953768
464731794
3297211942
3225665360
3297165413
365063212
3297233668
349600400
3236223269
1394345010
3190701484
380567792
3040336566
340588838
3225668978
2687546134
498779401
2887939659
3194611622
3225670154
3294288921
3161210507
369979034
16507188
3297226372
3294685984
2971669403
3297118863
2385850397
2423116231
1347436448
45021557
3297172493
316749564
1073029297
2902014082
162597165
23635197
2998723170
3297169871
536608166
3225610836
3095025170
1432829089
3225664928
1527589226
316711394
25956854
3225693055
3224737754
3297161903
1617662220
3225609840
36226862
1105057064
1958517638
3297102081
205678233
3223622028
3296827091
3014634033
197010464
2822781643
394873426
1921689764
3297166295
152863075
95455578
2876735178
3225662174
3225696727
3297201934
3237580996
2174684210
37698461
3220059455
3297112623
3293270357
3079487842
51071550
2934125383
3158007191
3142322847
3297119673
3297214894
1347305131
216685712
267376937
17627991
313810329
3297207100
352391298
3297209518
3225658838
5918802
14927054
3297211624
2740324837
3295268741
2888281341
3148749055
3297209014
1521830515
2413400420
3225694207
3297157283
136782439
3060592863
3297024569
2754440433
3297199408
3297127042
244771778
3295593621
116809819
2250029536
3297207562
3297198376
40331944
3220759176
359517631
3088564336
35886897
3163028527
270685138
15378690
3297110313
519612990
182902726
292075370
2290210458
3297106605
3297201136
103707908
263154761
3297065769
622940902
3295077401
3225654890
1915516350
3295164839
3297104453
3297107691
3225654836
116071576
2762480579
3297104751
269330862
3225653912
473714569
822179964
241967476
711386948
2191131235
3297198202
3297101913
56998656
1649323260
3225653030
3187109407
3225649088
56847442
3225652088
3293511641
332658470
3225690193
912685645
275584759
3064020217
267864764
92521829
407950681
1586175763
3247507035
762220688
274463146
2945663843
244174498
386194420
1316504828
53406714
14126741
3133589230
2881834744
2668112221
257207707
65744624
2511236273
3158007102
1645842876
2978956157
3067787703
3225594840
2921223854
105561853
259580889
3189909061
2987345590
152144749
129637412
3136372970
3225648902
3256782952
3222448620
3297086727
3223462705
3297072651
2760643203
3237253348
140831292
3297182392
452898931
2270860836
1400643115
2375542023
3225591420
3296898430
382590899
57647496
3225685417
325182362
1029824047
3083139940
2410740760
183759287
3295666407
3297183856
1240408266
763917685
3251847849
268900982
3297086433
220445245
570298511
2219125835
3288828772
546383908
417765701
3296886815
3225646730
3297178990
253119954
3297031365
1931146416
3223749630
1689813224
3297178108
3213071353
968593729
3225635876
3083438891
1239907128
45208281
3295140717
3225681715
3297173104
1053373596
67625485
3225641588
3225680209
2789630966
232034848
3297172462
81164125
2989003158
369358532
231697227
3067587005
3225643850
3296470858
481435932
76416543
2847949198
127045204
22270475
3225652501
1539669288
486885138
2812413443
3225589662
22039297
3297168880
3011590220
1241550284
3225643052
470429477
3297070431
3297102629
3297163102
3130902221
3297111389
2959056955
3178405192
3297160678
29134405
59840714
3225072709
3162420595
3297068037
472251861
2999216410
3225675493
3293509378
3241159781
3225582096
1165788588
3297160960
3293891650
3155088522
73292670
280668159
2661563260
2223992730
76454330
191855998
266774664
3225638108
3297062979
2933859799
508428068
2976721359
2774008664
475192908
3065819410
3224440333
3297106349
3188058228
3297154606
156774886
3225583866
3230407289
2858384218
3297105377
220473001
3225637010
1564370388
3225574770
3297156166
807139758
3297099077
3078732993
2424583677
2727779330
3225636746
3288147861
459855745
3139840744
3296951855
3297102251
3296430941
3241369539
3238644989
3297066875
3280433145
2580404834
65157600
3297097943
3092226429
3297032513
3225557700
3297056565
3018815381
3225580404
3297055455
3225633608
474068460
919112622
2737234609
3297056541
103500775
3297046017
3225630320
3297147076
3215017748
906080510
3225458551
3225580842
2853529404
3187250966
3225666655
3225668941
73384498
127064479
39140558
3225629372
3297093605
45352572
3297117214
850112480
2818549172
592183442
76563706
1161353233
3297049743
3225665923
3197717864
162101037
390528239
84075291
3291424611
582976181
2872199486
2521575598
3225629360
490083727
3206446917
3297088895
3225571794
3297132874
3106076443
1105300566
3291182715
612849235
884874055
234807813
3297078083
3225561900
3242713042
3297079541
3297031359
22290894
33146744
3225629570
3297137416
3019675556
589916587
383670591
3292054978
2782979391
3297040035
3297136828
3225573468
3297041919
3297076883
3037659897
15161446
3225627818
3297028635
1543874936
112714751
3224713037
3297116890
3127420556
1612494558
3225664213
2500591234
3165336038
3225624428
1238453083
47732576
173213564
216833433
3225574716
2730332859
714802364
886836858
3225397340
3187702835
3295784753
2784712106
3297073703
24479857
2489114844
3297072431
3225627026
3096198217
172444030
3297125908
3297125776
2689030080
3297064733
3171423287
232642590
3297073739
3296653696
285523844
3225622484
3225554580
502443616
3225622742
94766023
294460232
2479407665
290863811
47785664
3259557142
2655656629
1480718941
3077859017
3246139871
2279182194
2455990072
460529441
40365724
3297067535
2175976401
3010322639
34112116
425728290
3050072781
3141222622
317215853
3297039322
2165080274
3297057293
3297101248
2980836026
625660493
620286035
3297021315
2211249926
594133451
3222930404
196255335
337051877
60679561
524458440
276590895
203676519
2420970985
498243897
3297014247
264293904
3297019881
2479466128
2800037465
2410186867
1205999930
3225617696
431030031
3225654685
3224044903
1509966096
3225655813
3297053975
3297000093
3297049373
3297053489
3296865581
3238321089
3296910993
246919674
1298152272
3297056243
3225653395
2727381219
3297002009
1413555600
3297105256
155693271
31437741
24503892
2444278970
3223917470
3225615710
467694458
3297053423
120650175
483240201
3225614222
1267807134
964491578
3225650521
214968673
3297039269
300024561
3297001341
3225614510
270589190
3296722419
276049562
43321367
2213190822
3297084124
575754249
3297025732
3165109158
3296971755
362611959
3297000711
3164658775
79570400
267687310
3296989073
439893492
3225555120
3225554106
20462481
3225648463
169168088
94117229
3187892954
3183474259
132883369
3296984441
3297088006
3077082099
781052028
29943525
2900180462
60505106
458650718
3297038843
3295893915
3297075214
1187555436
389853493
3254718249
2772822547
3296995179
3225558012
3223790497
809468743
1460677626
810644406
3297020495
20081488
3225603602
3293116641
188467269
18465350
253384219
3297032543
2375931901
2949446735
139638149
3296978037
1967502674
3225547692
156232105
3297080020
3297030977
3297079696
157089107
2998778329
3296952387
175966914
3297029489
3137619679
3258314693
2511576618
3296985681
246280884
3297027005
344612435
47675438
1069127232
3297079960
2642980839
3296310999
619418254
3296901759
3297071938
36240237
2385390505
3296968029
3224829955
3297059122
3296969373
96182603
75779525
23441191
15561854
1482814189
3296806121
3297020063
3297019919
3296765411
3297073408
2935133472
335849822
3225548760
2980133153
3297020303
3297017303
3296996039
3297068104
3295093637
76342175
2329653307
3296989403
37662569
3109954679
1025185638
194186629
3018505526
3225602114
3296967303
3296970543
3297058270
3235855425
3297011015
631347690
3297042574
112905420
3297058630
2678302029
3296964669
258898752
3225546276
2801122985
495403782
3225634951
958481413
2823328601
1101927038
3296961585
19500138
2306977748
240169915
3247687611
3297060094
3225584623
3225599138
3297058732
481422083
3294775935
182247601
3296993891
3296747081
212195438
2421101148
3076077678
3297006167
3225530880
3296934309
981764510
3296954559
3295301303
2524202565
3221404758
119240642
899736625
3031723033
3296956749
3225593960
3294262163
3297050356
3297002813
3297054346
2966519231
3296940915
119467941
3296957481
3295161700
3134173899
285262298
623899562
323124054
3296988215
2436252571
27829913
3296949831
615720202
3001398573
406350464
3245155707
3296954673
3296952051
3225541158
41348021
3297044932
3250594269
58076392
3295915367
2783784403
3003969903
3296950743
2873507175
82710700
28546118
3297040486
3296992067
3198400573
3296949027
1363383056
2587157182
26430002
3296675969
42143618
3293206240
568510623
3296951086
2692846699
336323233
1056316681
3297033100
2994425650
281171676
3296484532
2374567782
2830108991
3296985749
1620779035
2265813192
3296982185
3075660423
3296986763
3225624367
3225586892
3171869917
554668926
3297029488
3225588872
968540869
2161761064
3296969260
141054204
2453608928
439377172
908078838
3225587078
3224567822
1475017026
3297031372
67493090
3225583214
41652465
2798767641
76029633
3296979719
620941261
3221738328
3085069183
2717650260
3078686711
3296959181
54988008
3225621697
3297022534
3225586874
1730027228
3297016012
3225586940
3225468176
226488877
57563021
3223921447
2567169247
1092891062
3193807934
3297025960
3296970293
2251662095
3296677360
2863270963
3296974301
3208682271
3296960837
3296929335
94636983
479484637
3225531294
1450608642
2230873956
3296921637
1531460958
2805886325
435933777
277929686
3223396536
3296926065
3296965751
3296925285
232715364
106125771
302855756
198582043
3129897101
3150940262
63563953
3296924505
575070630
3225583064
3223754234
3296954843
1209494418
3297001246
3165349478
287354900
3296964899
308101319
476137251
3296962973
422927286
3297013354
3296962619
3297015550
3225582710
3296266024
2879308544
485720967
140822190
3199800564
326022054
159459784
3296918361
3225614281
77700842
3183367143
3296956313
3294607553
3296932624
2908703891
3297014278
3296883933
3296956781
3191215164
603413553
2396451974
3225575984
3225606829
3296939687
3296959727
1111647894
3293275709
3225579092
2875493099
46136123
3224730138
2721048309
173399877
10091692
152224380
606388894
3182493610
3296914587
3225525624
2898660684
3297002584
20550236
1651324566
2586986000
3296953373
318918122
514430040
3007743931
3296955557
996188023
3288385756
1265483630
313657760
3296947006
3225523908
1343278747
3297006160
3160948963
929054796
37422784
3296950163
3228553042
3296955215
3296887899
2435694325
3258327131
2879905915
3296907531
2599633302
852399883
3091722935
2722099177
148065518
288224573
2176380731
3225613711
714628831
25226048
3225524850
3225516924
3296935949
3225604603
3297001114
3245059607
2581227564
3296997562
3225501702
3145216554
2462657694
2957501835
3055435810
3296901321
82157761
3296941703
3296992114
3225342356
2422603230
3296746823
215534176
1175510742
3296945009
3296994634
72977942
342031965
3296930488
3296988598
405041907
3296896839
2205466207
2411119394
3225521238
3296992282
3296992984
3296899635
3296920007
3296900535
2953358234
3225596443
636850434
389936687
3225603661
49175558
392241755
863956321
2499590528
3296872335
3225518262
3296777363
3296986756
3225598909
3296860023
3167170899
3296892657
3225516984
497093978
1477277780
77138544
3296891235
3295210948
3221112708
3296884947
3296888361
3296981584
3225517218
3183702882
499032615
3225566600
41480021
3185098462
380253520
3296972104
3225514650
1020744818
25641506
3225605413
3225513636
749828228
384270299
2774577173
3145266381
3296788673
3225556256
3183095637
3225513072
3225594829
1020898699
3242378524
3225602857
2304788327
17684365
2875971729
2824789891
3296881071
2589696009
3225599851
3225510006
533468704
1132257020
3296915621
2998420576
42636496
604003474
3296878569
3296918627
3296879553
3288427625
2293472378
3205626639
3296867451
3225511038
3225512772
3296972914
3225511560
3296647522
74664476
3296920055
3296970958
3225600271
83122369
3222056598
31443634
31645163
1961148200
3225563504
2809875211
82316573
3296874369
75496668
543871392
3296863605
3296914787
3296862777
3233710222
3296872257
3119136956
909634574
776727528
3296858127
3225386904
339116671
2697032042
3225508464
30176633
2262954218
21626630
362722368
3225511135
3296962144
495031142
3184198859
3225597763
156994277
167046285
372311301
95043915
3294335872
2533383799
3225589687
3221738154
3296626293
3225499374
3225557828
3296851683
2950803298
3296863701
3238684403
3296955904
3051408542
3292617261
3020830990
3296955754
2888073502
28560791
2198977847
3295263561
3193909009
1422242802
2501542693
1978944115
19227553
178082199
44462615
701119818
117562359
256043156
146346223
186846061
3296900045
3296952388
2203359545
53388578
1436742739
464970870
528686147
3223886162
14301400
3296857797
395968013
619966407
3296536684
3225591757
2806580458
3296667311
3244687948
3296896720
3225490026
3296899235
3242086480
3296856285
2565445162
3296591877
386985341
2356530352
27679457
2804752378
149544238
413213274
25080927
2233740600
3179393098
2685437004
1356260724
3296896055
262358082
3243185885
550976609
430298332
2938916752
3296847819
189099192
3296849559
3296851587
3101800851
3296923114
2948734942
3225553502
3225499680
3293036939
3225551582
1658544014
25608217
1406780972
1450721784
3296941252
3296888255
2899220789
240520223
312034151
3204752794
3296840157
3171300186
3296880113
3225550862
3290273795
3225497784
2154103309
128319601
762474362
3224896364
2964473781
53303701
1232620855
1598312131
3225524648
3225586963
107939151
3296936374
1196666978
2731160419
3280313307
3296883089
400431378
3296836977
2331737682
3296839917
1683986714
3296913784
228080376
1375050469
3222462044
3252091323
368882307
2992028345
32351121
2653968408
1354050728
2973112755
220600246
3296865473
3296879543
3225568069
3296876555
3225091402
2256006570
2202668344
152700421
347946156
3296861975
3225489600
85586601
1514528281
42253139
280904187
3296865761
2901138341
2997981209
3293646755
3140388741
3225542984
3242213272
2330760642
3296920072
3296825175
3237134739
3225476904
2991511266
634436929
3296824041
19410420
3197779544
1465734750
3133686293
1152725070
49104046
3225579055
3236897231
3294569513
279563357
2494971534
126421710
3295875975
3225468636
357951790
3225577903
121363295
30499337
3294112785
267798022
78878756
3225390222
424480721
1940077873
2939264128
3296860307
3225574777
3181153092
19275953
3225539084
896941297
3176427897
559139498
21269773
3296856089
212649951
26482431
15344718
3296886436
3296895172
3296811651
2265337468
167020515
3296907556
3223358167
3296853611
369022732
73352252
474378331
3225478434
1037796324
20648356
3225522848
44932890
748038702
144640682
2856758028
22236260
3296847455
149267202
3296800071
26653361
3073095952
3224179368
3296846123
355145569
3296689798
248562412
3099384647
3283244699
3292832710
3125420211
380626736
3296839877
3224772144
2446196769
2909733995
3130113480
3296800077
60236282
615319333
2377256569
294402686
3296742981
15863368
39868311
3225562117
3225563635
3296841053
3296798967
3048919568
3296772681
2765925237
3296793681
2210765131
3184680503
2935255730
3048264020
18293696
3296793621
34975904
1613710290
1094093066
3225463650
3296832215
3296383767
2267365946
1133486682
2333299039
2778203837
292145256
3179303758
3296774109
809782483
3225510704
3225447138
3215065261
194185335
3296883364
18140092
2731229077
3290720459
717770749
323858870
3296831195
2680691145
3168435079
3225554755
3296785545
1302070603
1347698514
431705469
3296736777
3295646338
2539643470
3222719344
61592677
3016192110
192601934
3188108831
391230383
3111572872
3296785209
110192554
3223104390
3225464082
478523704
3225418273
3296785911
340706027
439118438
3225554791
3167697218
53162507
3224548291
3114161684
3293369991
3296784777
3225462294
3225530569
807473689
3296822555
3225462480
87097536
3296813735
2943005724
3225207384
2154041438
15739732
3225464622
3296820551
3293775281
2309034420
3288921855
3296873812
449675991
30712175
605380520
43905511
3220913785
41738805
813082140
3296812907
3296857960
858443389
3120876755
3296873968
3296821181
3225359948
3008186164
3090314529
3240518385
2710166851
3296779149
554847853
3240689705
547131964
366683365
3290705272
3291601102
135645936
58482720
230599561
2881295272
3225439230
2790682602
269900247
1464586412
3296768487
3296862718
3225453978
3225509474
3296812913
3296755791
3214703129
812219006
3296772525
3296012931
3225437574
3221665832
960384866
3225487058
21830582
3296814335
3296863000
3225374634
3296706173
3296769999
3225997287
3296865454
3296808869
3295190135
146523409
3225451224
3197391198
3225434742
3296851642
1086388994
3242839947
144496817
1636573249
3229187045
3225447840
3225539119
3225505286
830584555
42750929
2290490889
3223558298
1402668493
2983400093
2959485489
3225530185
3138448517
3296859088
3225438504
3224170628
3225537085
306402157
3296759787
3296738135
2992884454
3225533497
3225502100
3225501566
79028431
3096219627
2353708478
3188760768
36063525
3296798939
55605486
422919315
96009082
3239690481
463283984
3065718851
1267863871
2785376825
216025413
3119571181
3296498675
3225496934
3296759199
3225443388
3289858090
1691353620
339643114
3296851810
315960303
3225493160
3189217405
3225400346
2810333301
320979335
3296751825
1410163890
3296848600
3296798279
2378632242
3224144596
2472675178
29050820
3296716797
79772675
227906415
374017668
3296848114
3296847718
3293002253
2676251272
609394984
3225294583
2437096700
2243880051
1155935298
3296845144
3296847352
3190232283
3120003951
3225439032
3296789255
3296848396
3296795543
3181103400
3225492122
3225523681
3296846848
23563976
3094129081
3225524623
3179657600
3296721957
2729800626
464010443
1136892505
3246929656
3225487616
191872149
3254983126
3122528531
65334364
72149059
3289640507
254421840
3225526495
2983949495
3296792729
3219930823
2645365738
3296786015
1293626083
3225489344
2463573632
3224916007
3225505021
2598641625
22365139
3106553303
492592286
185262319
3296701749
3225431502
2904408579
3261129101
3225480212
2782007144
3050234499
14770399
3131362019
3296770391
2350900126
532009130
3296825722
614410559
3179686210
3296744241
3198755478
3106463835
16295379
3225484598
22860307
74473357
3225432180
33101427
2361199876
2908311973
110618913
3296835184
3296739411
3246219629
3296830348
3296783513
2397198488
2869865606
3225515509
3225483518
34795622
374821570
79108693
2441798497
290736863
3157021356
18930805
3225428964
3149794870
3296738445
3039503111
603908261
456044761
3204411104
3197754853
3225425160
1440331861
317254092
952802995
321801693
3097620659
3294268787
3225413460
3225425070
3225475802
3162810745
3225512245
3239179918
3130518599
403411954
3296722377
3225507289
61247208
20976669
222498990
2996122911
3225507007
255058324
3225463496
842097818
1058256103
3225472682
3296735309
3225466772
414972296
1613188100
413923182
40381710
196486738
3225393384
3225386580
3296761331
1493586194
14574951
3296726199
148516347
3187695991
313570707
575556394
3296692391
3296708787
53746115
460325019
3224600900
3234476566
3225504187
3225443510
2866643905
3225499051
3296798530
308235828
3223572120
3189642979
24576611
140475381
3296720667
3296810086
3296703213
9894182
29423525
45870656
3187930447
3296694969
1600741178
3197604069
3296760083
3294413775
3225496063
598642340
3296563589
3225463124
3296692137
3296791738
3225323754
83549381
988079844
91890948
3296710695
714836514
3296731498
1670934535
3296736347
2913581720
3225399798
3225400980
207892470
2368964450
3225491341
3225457862
3220407139
2905204266
3296746565
2823009527
3296694219
3225364020
232908318
3295590123
3296802922
2767782533
3225490015
3293001496
3225488257
3225491497
3296693205
79146915
3224984042
25679407
2872915985
3112350591
96624115
86317468
3225405356
3224041998
3236676731
1257973447
3296790496
3296791336
266786135
3296800318
24080778
32404561
3296789848
3296796082
29745450
3296799736
3296744891
3225485299
2868460600
556758270
3210123583
205997028
890944524
3225416438
3225487291
2366294143
411823433
3225448472
954051740
111667426
3225481039
3296674690
316319680
2802004452
1640491333
3188069500
3224258132
3225395143
239954141
3225446522
3225447974
2373974346
3225266263
346626028
352155394
16291033
2883513754
3225476581
301561871
3051686903
3224425728
561887492
3170498808
3225387456
317381989
3296735087
35084658
2992817522
3040161194
263827489
3296691309
3225418112
3296687613
475764741
2923307245
24485533
3225382644
157006038
3296786668
2976016151
479627796
2662962389
2771856706
3296690409
3296689749
3294215241
20234981
110878912
343234189
368892455
3296682075
1550269238
3296773960
295858688
2872713868
2726530060
3188779010
361631293
3296723459
3222268032
3294388828
3296781814
563161044
2234250748
63629590
385605819
1542434568
3029423881
3225415508
3038866492
2165095756
3060293032
3296776474
343578311
287235331
3296716337
3225426524
1643848610
183625481
279927624
3296660697
3296683413
1506822708
3296720411
2955668395
3036431291
3218754481
3197472853
3225428246
3296774674
241692195
2963523374
3291083087
460416401
580413529
456716072
3225367278
3296723441
1871493798
116823134
2894163504
3225373844
2902833677
3004254185
3225386252
3126587764
36989988
3296587839
529311596
3225422510
3296125799
3225419978
3296766574
3255014770
2402272257
1617626941
3264427288
3296751790
1590442207
3057406042
3296691965
3296767492
48357561
3225452779
25307168
335597483
3223736526
18347716
21251057
3225448315
2237796013
3296671497
735414996
3225362658
3225416900
3295777798
37508261
3163029554
3187806672
577371799
62885972
14914843
3296761630
2620413497
2251754671
3296764558
3222484392
1974046788
110113436
1516675448
40923765
3218599919
3296747974
402349146
3225386786
192686337
2958562255
297537088
3225359622
2951747829
3039575259
3296708057
39096152
3296693837
3127437803
3296653881
3296704085
791785268
489248521
2527670578
3084877239
3296752384
147377076
2850644762
3296756740
3225355008
232489604
3225432733
1186394990
3225407558
1853675502
3296752798
3296701253
3294717880
3225331764
1036567429
1442661829
3295310626
39146776
2420871052
3225395570
3225386864
3092266492
3296698007
1188292680
176048391
3225441547
2798519495
970883436
3225089264
2303256360
634538469
2743835950
715110441
3296689169
3296651313
3296647725
210177609
2790964351
280589256
3190649088
496511881
3296695637
3296690549
171182155
3296746438
3296743444
2880430380
719749261
2759751652
1100423467
2945167817
3296641299
3296258651
1360779594
539523032
3225424771
458203908
2235749030
3220831807
624078304
3069245443
130479929
942539917
3225282001
3296741386
2517325124
1237213872
2922359663
605473096
65191143
3225427633
2849830548
2632263185
3294437398
306934695
3225390362
3225381049
3225391046
3296674859
1147936416
3225419059
3295917471
320281799
2909262216
3225422155
3161201284
489742466
373662656
3296684285
30779995
1053670172
3224273263
2555756701
2988877633
3296657297
230917691
3087061396
2841062019
742349136
3143247720
425168114
283461030
3296732998
3252741455
3225380228
3248928977
67673363
2542461092
3068884081
3225417505
3296637807
2937724609
3296632989
2689479317
3220779480
3296633429
2947794115
3225130374
3225324018
61085609
3225411877
3296675663
3147863947
2744187231
3296722720
1133710633
2734734452
3225412123
521966660
371787154
3296674397
1903421490
3225395653
3225324990
3296631280
1198240494
22957138
2249484361
3225388387
570842924
3196848145
3296726152
3070145681
3225371054
3225113762
17482759
3225373034
3296624475
3225375415
2500300577
595614641
3224393641
335118249
3050331071
3222934596
3225371354
3225406771
2518606642
2957838509
2514132334
3161703652
3296022604
3225365738
3296723146
2764978587
2606894510
3225389629
3296322521
1283290760
3225406945
3296715832
3222438270
35991802
3225393775
966950647
1368654691
420183319
614403901
126940563
3291007540
605290282
3296719546
3128153553
269526950
295900595
3296658671
3225306162
3293727010
2791588987
2773231130
3296661011
550225572
2413351566
3293473918
14358579
3061097112
3221696268
107794924
3296593359
3225363386
3225376669
3296665937
3225359828
49958734
3296616849
3296643503
3292178259
3295918954
3296659247
3296663315
843753020
622888275
1929379591
3228579159
2996451001
1858347800
445056586
116871861
1668771026
2719659416
362474324
3225364393
2941856427
3197776058
594212845
3225319556
616680154
3296700160
3296588499
1112308614
3225390109
3296656691
3225346562
3184022602
3296690758
3217560114
3246531329
3225382735
3225302634
66837336
3225307195
3059964444
2927403385
1361257634
3296707714
3296608389
360579920
789529717
3296703484
2269599056
1360813171
431642897
2472309180
2526164899
131499198
278842999
3224728279
135994643
3296702794
2879722581
2513142626
3222132584
40079331
23996069
3225381259
3296695726
390012356
3296700844
3225280700
820908348
3296641259
3020260045
3256843875
3225288828
467046086
2919068768
606958267
3225055988
3296645483
3256237721
2836035344
3225338498
896229870
2757400148
3296608331
3296639327
3225285600
3225333890
3225374917
3296593815
2784631897
3296637485
3264893800
2511928275
3225333602
3225335990
487769823
148603968
1538335394
3221054551
224292100
2999479098
809861167
3296691268
3296638469
25717943
2989181575
3296677582
3296595879
2775423578
3296635181
3296689582
3291371805
3225207690
3296687704
532332876
2326501220
93057245
3225279282
463707892
406356978
3259906780
3296686294
1441541094
69708052
3223918014
398673029
3225363259
3296625833
297860178
3293368103
3296684932
279393965
3296589735
418441432
3120018679
2930502650
363683926
703773685
33814436
550970066
2340753600
3225236934
3296586753
2743303767
3296611199
3296583345
3296583687
3296629241
2188894640
167079170
2778014615
118744378
3198516590
2268752042
472860641
3225354649
471415361
1665785756
275955946
3296675860
3225349381
2149225842
610583817
276542421
3296626103
482966732
3225343771
37876586
3225236670
3225179719
2980467707
1327043245
3291273705
1239535526
551036586
3296580867
3187756194
3168668588
244350943
3007315046
3224709991
2314519760
3232035405
418098091
135429779
3225350653
1593122702
3215436065
3225259314
3296670958
3232140045
2176950575
407406573
516256646
3296662834
3296618669
1243958510
369449576
218663377
1010680098
3296485444
3296614841
27095104
3225328369
3190528782
3225309026
3052836389
1327334318
3191884594
3288364805
40013279
3225303800
3225340573
1697072492
406288668
3093074767
167312606
2687300725
2655724776
3225238134
3068422739
591992540
3221521978
1124903906
3225297962
469667181
37211867
367507917
3225338269
411079073
964322574
2902046005
3294547721
3225294320
622956972
3225327559
586262754
3296600285
3291212296
331024265
2613791797
3225287018
3296564241
64903002
2763829378
3296368563
471264973
2458238197
3225298412
3225311545
3293998673
3225331921
3296559399
3070906832
946903940
117491299
356500929
3296563563
3225292814
3296641654
3225333097
3296560419
3225331957
3225324421
228385099
3017126139
299817723
72889449
93208285
2728238990
3296639806
341378912
518679232
2189655816
143369946
384341923
3296598473
237812265
388835822
513634190
1544414358
3005141701
3144543689
26490797
1430476838
3296620870
73501463
3296583917
3223377962
2357078270
3296555985
3296649460
474937577
1242762493
3296612152
3296546063
3189678066
574489488
3214662801
16061802
3225288860
2806158716
3038530231
3223625750
3296647006
945670921
3296528793
259598730
3138150481
3295580518
375757988
2415830451
474229443
3296546091
3252872147
389696075
139511314
3293874449
3225211980
2732559981
3225228114
3160096425
3231050837
35964539
2954322115
3225242557
3018643933
116768235
845504214
632643788
387183592
3296579495
3225273788
3222077653
172756962
3296564351
3225289927
3225280838
2313174955
116852001
3225148340
17965879
3296639242
3296640064
98508961
3290303573
186318056
2940509075
3296633998
2711354727
1109491914
3223283047
2190787319
16077546
497589585
3225277220
1580876498
138110392
2423280393
2973479561
3225277244
3296542665
3225294559
53436920
2716307631
3225310837
2748427026
1653432205
3225217920
3225191328
2906270058
3295632219
3039912258
22798397
3224452712
63867619
3225235813
2455565672
3296528997
1861528255
728715607
157517934
3225215766
2710398815
539710650
3225309259
48784479
3296109706
3296609932
3225207702
515725843
2964228490
187652862
1959060074
3224112062
2863502533
3022144938
3225261026
3296530677
1383516535
2464826240
532533969
2852091554
529003103
2999460616
3225257480
217349803
3296622412
365111778
3225210192
3225298561
263354149
1702541413
3225235424
3296420345
3225261698
343018342
385812872
2421539310
3225205662
35065114
3225296617
67661903
1660119974
3225208244
3194574899
581355418
3003768911
3240113500
3296601712
3077079483
3222301454
2577166100
109604263
3020475614
300333311
3296544455
470460290
3290540213
3296512665
24724295
3296604844
3197312678
3130800213
3225191718
375990657
19330089
3296561831
2934827507
1398321384
3296023108
3224501743
202120834
3225199500
156500206
3296516577
3245517435
3225196146
3225284761
3225252350
51606560
3225251192
827744322
2935230903
2749147659
2590430828
2221417526
554410672
17958432
628304504
3296608612
2575268287
86715139
2951407315
3225282787
3027367385
146873475
2880784366
3296602684
1883993546
3296606428
3227127155
40130311
3041466372
600244728
3225181572
1566616616
3225187932
3296610388
145889893
3225192030
3225232796
3020726645
3223884410
2448656636
3296503131
1893473935
2832106308
38226753
3225180468
3225280357
589429546
749592108
3119604893
136867940
2362216336
3296555255
28702927
380572881
2782857398
2919755012
66971314
3296510463
36689035
3225238424
28878400
321899315
3296508981
2193791803
3225188004
49486156
3214794676
3296599582
216480828
68040178
476676166
72037976
3225273577
3225081134
3296586754
29003498
3296546951
1310715368
2778592522
384735285
3260146852
3183363746
3295759990
2496946647
112610164
2732759357
404804951
3225227696
3296546429
357093566
772632061
2661358036
125746315
926261502
3225180306
1857867890
2834082313
3225232556
547193025
3220440865
3296499585
17697398
3024325114
3052910254
469603401
3224754614
2459469752
215753417
3225268375
3225177576
756275
3296527025
3287569449
346923462
2908578049
3224850529
16629211
3225229070
2952256834
299641470
3296428715
620107148
3296493609
3225230540
3184304772
3296533763
3225229046
3296492583
3296514473
3296494443
856753784
990364358
937556780
3225267541
3296492265
3032779711
2718884290
2253985588
2759208924
3225261415
3068821634
3127897494
3143511914
3224369846
3086427764
355926075
3154135721
1166394914
3185863916
3225224564
3294855149
3225258109
3225028062
3223941060
3225168858
276334648
3296574934
3225241831
2645743800
3222746035
3225165600
3296521247
3296487165
3225220286
2589921247
334459561
559006428
3225165396
18112526
386097520
3296571418
3225258163
3225256123
3192664116
3225166572
3221080592
3225248623
3225142086
831255710
2378692615
3225216710
3131028555
3225246895
194833469
2848056912
1565378316
630221738
2882444524
3295630083
69351561
3225156774
3295174703
485730340
3225248263
3224776579
2819677911
3296480475
3239739472
3295505380
521724864
3295680316
1115810677
302808717
446724119
3223767154
42305816
111126406
3224567514
636881992
920640175
230594755
3225165596
3225215420
3225203060
3296569132
3224033768
3296464743
2964745414
1663521175
2841931456
3296568460
3225212756
1324110192
3296474601
620253781
41472204
3122174872
3225156744
440735991
3296567482
3295389999
373630626
3235579966
3294870927
308896315
3224755856
3225154962
218036658
33223670
3225209090
45919892
3296515385
1598273641
49269206
3225157008
2862457674
2168267312
57014424
3117317525
3296313555
3225153078
3225209204
961393226
2646198958
3294130799
3185957863
3296511533
154953855
906370039
3225154632
3225199448
625940260
3290155401
2740709926
3187740248
41393011
3296492309
3177367380
3224785356
3196769540
2976659314
948532130
3225152322
88477468
3225241159
518327157
3001768965
1038304008
3296559424
3128852777
3296507837
3225140784
3296559460
3225200804
258458696
399455562
865419853
3296552428
27161854
1482083288
21234133
231204607
3188615298
3295017497
3296460261
2571432212
3225189518
295709763
3296458593
185001397
380200988
3225235099
1469661925
3225148434
3184232731
3296456091
3296454591
2888745335
3223298101
2273050213
3225192782
3225191966
3296539792
43986357
358689211
3296502947
3296458953
14758737
3225087354
3296433729
3225197990
3296458527
2934164090
3225119976
3152047313
1305972038
3225235189
367925077
3290852913
3225194990
2361296876
158598986
3296424873
400695600
1897171603
240319181
3295401856
3226665215
3295550451
2309847366
634599390
478863751
41259945
3296446485
539727268
3225158882
3224007702
3295917749
2679299482
1296207415
29951860
372794370
3143187441
2796863295
3296545588
398954144
14872998
80778894
3296441517
2854267446
3225215191
3067289763
3225191846
3225136140
2949761988
304449947
2185996910
3225226837
3296319435
2893122783
1131422761
107545407
1609002462
3225137364
3296491924
101734651
3225175856
3296444511
3296449035
2508539574
3025558431
3225218101
3225218191
3296490011
2561983935
162836942
3296443743
1688600610
1131333751
3296440209
3090888898
3225217333
3225117354
3294358108
1676565175
3296444217
2752507125
3296438139
2531986431
3292228840
3295777073
2530969334
3294629871
2906147651
1431396378
53528977
3296481149
2938770723
22937598
2592002586
153660786
2313985723
317109629
179010932
187659008
3157483282
186587425
166605912
3225125616
33954307
1160362016
3296525440
3296530876
266317279
3296438205
3296526604
65084835
3096238726
3296433513
457385089
217225149
65728248
3296436981
3224458801
2346824445
74712032
421541037
2814560804
312230459
1627515060
278345960
607189754
297820069
522521321
3296477873
118956046
3295503832
303945952
3225125712
3224943301
1112190919
317014042
455770188
3225113064
78079140
3296382443
57787548
3296526526
325199548
54839585
3225065251
110584082
3205494336
71864036
34207378
2865127466
50513409
3225211351
3225172358
3296522098
3225211501
138173023
198724458
2213409851
219629081
2735378810
87349682
146415243
183997207
69801923
3246828196
3097024648
172932897
3225158072
2448110100
3224978455
3225171944
2497417787
152356664
3198798740
2851340584
3296518882
2953610073
3225118290
3225117300
3296517868
3255744645
1565440850
422383191
3225170300
3296513698
162164134
590623739
3225170378
3073432271
2230912686
122140934
3296518426
3225111786
104217501
3296514214
2568750678
3296457443
3225204319
422742658
246086747
48833964
3103497278
3225159782
3188439198
3196977566
3296400681
95662024
274767212
140946843
3225108516
1009686889
2604495568
145710919
2781203532
114986527
3296457887
3225161161
2676159223
2458964496
3296503924
784230972
321479654
3296507488
537115496
89344339
3225165374
3296454929
3225108522
2863685395
3296411277
419107960
3295773736
3296411667
3294526390
1471359619
3296411631
58184039
2926538733
3128030295
3225188977
3225101946
55956698
3142709431
3296452763
3224414845
3254670167
2952920680
159523957
146765734
3296451329
1420651106
3289576815
3222559860
158663669
472904598
5516262
3225103176
3225058440
815602098
3132513591
144113612
3296440096
554436561
3296405985
1627397210
2431136407
3035154618
3225189667
3225154286
3225027733
3007520497
3225170821
3296484400
3222169777
494381542
145943770
492715318
3154567792
2909429459
46424940
3292163321
428326981
3296401335
2764038130
68162936
23922647
3225149096
3225151556
1031920634
414874972
3230769623
1564809571
966407036
350879484
3296356563
361836459
204682804
2846127672
19574620
852205988
62828866
3225186097
3225092280
3296490802
3296391351
3296493340
3225184549
3296426915
97479534
23982732
3296490124
1419045889
3296435231
2279077856
3225072283
3223200859
467281570
3244530629
3296393289
2946547116
86769848
2955712844
3225177415
36935545
204740243
3296488072
3225146096
3296460880
3296354523
3225176287
3223238732
1144105424
1712713740
3225128366
808720609
2915370697
272757864
3244933588
1696591639
3296486080
3293622957
2403397447
612884247
3289224195
3296480350
3296386257
3245894691
3225176149
3296433389
2369542897
2324165936
3225077196
3145252517
2428052048
3225126272
66092084
599228872
3296358100
3225138374
3225084726
1437900936
2429264391
3296186975
382696864
1728061250
50203423
52080693
3296429663
1253936526
3101632275
277146518
85902632
81336483
3225175939
3296424983
3185698249
3225172327
2388520802
3296412197
717595897
3225084864
3167647592
731896735
1240268983
2656936143
30873715
3225172003
83669359
1461648781
3296424431
3128490915
3196840743
2342285839
3224505264
441054489
3288655119
3296412179
50972783
3296473318
943565845
3044714435
3066977862
19689182
3225157633
3296366475
3225160303
3296470756
3225076188
3153795527
335787925
2409529544
63084064
3296376897
3296430646
3224881657
19908156
2206316445
3296466388
3248490057
