70899736
3308935048
1506853242
3236605501
2242017451
3235771471
3236507016
3308915284
3236530826
161151493
3236595331
289413459
1604777684
3308880281
3236600809
3235391467
3236599879
51763705
3236597635
3233435102
104563180
2716709507
37617094
824674596
3236507676
90671008
3308137167
15207243
978825648
2742802367
579362417
147821838
1582994666
3308830719
3236505378
414479242
2168048821
3308833155
3236559560
2514367565
3236503956
2600068802
39636608
2991018983
3308927836
122398664
3308799382
3306473481
3236500578
550500282
3236597743
3028580230
3233351940
3308873273
2482811581
15121936
14144039
56026405
204556926
1340064356
2694327321
3236535524
3236595103
3236595097
2919841178
3236557754
3308827305
1965833120
377701995
280803195
599404475
2829081415
3236588389
3236593483
3308922400
3308826867
3306698187
3308826651
2679957170
69027185
948415764
3308923408
3308507488
63750848
3016491222
215823217
3236549288
205053226
3236552798
3152023440
1480830798
3236497752
3236590345
576232240
2922269512
3236552588
3236494860
1184111406
3236548892
3236589481
3236492640
3127734722
19363588
2515751220
3308819199
3236589751
2426770527
2997684799
93962157
3308815347
2871791819
68683830
2914802505
33132442
3236585107
887697494
197798870
3299965888
3232012795
249169350
3128910496
54315533
95039861
106506853
32286936
134249085
402245696
3235603544
3236492244
3236545730
468787351
3236544032
3236579737
29263993
477166493
23565319
3225763506
45262780
2426015142
262964261
938149885
3236528438
3308817189
1173108476
2287878679
229663493
3236585497
3236488526
45414681
3308775237
19885709
3236486388
3236547500
818499504
3236582227
2169067468
43277401
3236491194
756884498
3308730105
3177589900
19128042
114876570
14327627
3236582341
263854783
235520037
3236431536
2903230715
780551904
3236579743
319831416
275590315
3236538710
3308487689
3221643829
3236525443
1615642321
26666910
3304891270
230360751
115230724
3236575057
17518443
3236474556
1629404281
3190353294
3236575951
3308906998
3294049151
2584388810
862017512
25955691
3142316416
3236562787
3236577133
3308907376
173681609
2981645618
369921688
3308810001
281854691
130028758
3236539238
3236531336
3226475506
3236536171
3308847197
3069043884
1264854602
40294220
3188326490
2436667776
21893316
3308848067
2347513753
3236480448
3232559029
3236459964
261767307
229936760
3301273269
484482565
2446243364
36828722
3236480466
46527080
1976184684
449962233
860632940
350619542
3096212054
214324542
3236532770
1926273152
44780226
2504556847
3091888702
3236533976
3308892490
1261259042
341215907
223351439
1484777244
3236570287
3219565176
476295957
3236569717
3230578543
351322889
86065428
3308790645
3236567683
234779984
3308798385
3236562025
392996380
3236467830
3236472588
3307597005
3236474538
3236465574
67398092
3236526140
2493538102
499386068
147360860
33371622
1332926233
28036079
3195889670
280193763
3091251672
3236473140
2665965391
3232488010
35312741
3308795859
3308778633
458903866
1375687777
206875147
2482953045
2468112834
3308867302
2849785037
3236468406
31031985
785250073
3308664537
19794863
3222682969
104167482
61281849
3235412040
3236522210
24450925
3236562631
3236463546
561631648
54564615
14105513
3308832191
3232014636
3236463702
89117279
48100434
1896670904
100029698
2547056913
3236515790
3308823305
3308884498
1659139968
3236560297
2863763308
3308771121
802057992
419429702
37930629
2936783195
2894331396
140129546
2768410798
3236460288
304176074
381291272
2192792825
29305035
3308412111
3308853622
3308827757
31980474
501743398
1593760686
541154899
3308879710
39146900
2319553067
76147509
3236514146
3236262973
2255069877
388619416
3308822933
3236552479
781433700
3236514998
17744704
3236539813
3186933613
255250742
3238840877
3308779593
3236554051
3308821529
3236551975
218972124
548670226
3235624434
132672361
3236551807
3236458398
2207288312
715306430
3236509598
3236547025
2314344788
584195487
34124302
3306607708
3304458611
101522742
3236510324
3236509838
2832323418
27475042
3307714341
436078049
461878257
3303677645
3236543293
3236507942
1643833586
3207614633
3308783141
2954835662
1273487743
3078194253
3308823598
1486506535
127007207
3071540188
3308670873
3308584371
1235051114
3308864110
2179156501
3236546287
343203221
2907376914
3236507786
3308864140
3308855164
3236539855
1516886576
3308810921
3192903431
423886097
14049162
21821670
33453582
2760348798
2444243426
244739388
3236448606
3308863030
3236503340
141827890
2566734515
3236500754
3308767275
2316853024
1103676426
3236540779
3308619251
3308859664
322825253
1430877672
3008673584
3098433222
26836692
832266925
1470947863
3308803709
3209321187
213248019
2880843232
3115047077
3233145290
3236447538
2369265146
1063046114
3236535853
14215355
884796751
3150095876
24221880
2914519603
137578302
20117234
2458908062
3134674577
66443610
3236158710
3160654609
424792253
312918008
2838454572
338413680
301237813
3308759739
3308671090
193470201
3308749941
3025890184
3236495966
24747007
3234325752
3236497232
19280086
3236440086
79043807
1347416418
897806358
3160239070
3308754033
3304353466
17464155
3305356971
2854140986
3236484271
3236496020
3308795147
22804188
200916835
401635522
3234110130
3233771664
3236494400
1334936162
1094673950
3035719663
55071597
3236431914
98477054
554038594
1107480079
2724612784
3236492420
124970416
3236425968
304645304
2221469820
3236530273
3246237551
2959146795
3308793431
14967858
63099089
54246752
1274501100
3236436132
3308739807
2687705382
283281719
403151309
28798255
3236489156
3106298283
28513792
3236525815
37550744
2226092629
3293716055
3236489090
572835742
72957909
3236401867
3236527105
1531522849
1378402633
3308838376
130538433
2915187438
3236524759
265884581
3236431722
3308834470
3236346944
385690422
216207534
11033112
3308797624
3182667442
703648329
3131247112
3308735343
3236525479
3101121071
3308837326
938721067
2882103112
2978139107
17955028
3236429334
460591078
3088808149
3308782151
3308782709
3308832418
2721977130
3236424936
3308832028
324463388
1247549666
2193101369
3236397872
3218868104
3308776385
423553407
3236479316
2201150818
2573603979
141777523
3308711913
2911481693
3234397736
2755985228
101840511
3236481356
3308825392
3308732649
3308769323
68480874
3308820676
156389550
3308739155
3229274833
33796529
3308773793
3235242066
2957671220
1654495621
484490666
3225463149
3308774393
2426522852
3025965681
263839130
3236425218
553112896
3153201448
3308728287
3236402010
3246654273
3308770019
3102128505
1444221350
3236422530
357855796
3236477306
3073823013
3236514433
3236505787
3235403750
2743623532
118469139
167433556
1575234024
3236477126
3236472632
24068055
6186522
24625173
3308768879
3308725467
26411315
1685389154
3308803006
113568454
3222775027
3236475578
620411319
80459360
2904208655
3236414334
3009035635
3308753771
21590932
32679005
3236418174
263718671
2226312507
3150060645
2293305756
51575500
3235206439
18575109
3308802904
1709956736
1206036668
2410063764
3235636592
3308741219
3236473790
2866134007
3236416902
3308719029
101877302
2721980683
3308747147
137417442
496377220
1077655482
2318151739
2602487258
3236415432
3236471792
3236469080
3308761181
3234007704
3236500039
2533018833
484120743
224079942
1464676388
206423762
2940567646
2954021868
24159649
3005421200
802272912
472282032
3236310122
3236470940
275655932
3236412288
41484886
3235644582
232394665
2433211094
1155281534
721145115
1735393884
137105892
3236451829
52192617
162270385
3236266502
340711967
1360245732
63005608
3308552421
512490518
3308806024
33450665
3233904992
3308705397
43490110
1571462910
74177341
3236467586
3308708853
27892109
3308778742
3236465042
2732079632
3308806522
2496696458
3236417833
378377834
417507144
3307850495
1246075561
386097708
3308804974
3308738303
3308804872
37646556
2477314440
316218294
240402013
2204933400
35297734
519993374
1676042156
2151636416
3236501371
38580163
269448356
545963441
3236462756
225566875
90539918
3141189551
3236404206
3308703129
784981376
144222768
620039300
374810381
2972370419
35521664
3141889744
3236461220
436264623
3308744224
490878269
3236497597
3233789598
3233231233
1616170020
3308793460
394579867
1382621065
18388500
3041616501
2764090263
3230241200
3308787280
30222738
3305693057
3235523468
3236421302
88739115
42373920
1119652405
460297642
3308698935
3308776090
831348546
3308617739
3236400600
3308690763
3236454830
233643484
2848848489
3308792962
3162257336
168875264
1569250082
3236457416
2287853992
2227448324
1967201
3233617141
3236489713
2571064285
3289288157
3306320835
3308753566
3236399670
3236394120
3171345659
3308732681
3308689515
327522619
37750347
3122744796
3236487349
3308690661
3236454542
24132925
3308719385
3236398710
3236452040
3308779624
2954183731
3170170899
3308732369
3091280230
3236392206
3308425203
3236398404
3236393790
3230983531
2356796298
3054569059
2465667417
3305792583
3186952250
3236489677
208230013
2420116899
3234359048
3308733154
16151833
526321610
3308732027
19691783
3196488467
375702267
3308764486
3308730635
194810221
3303996177
2956583868
3231311130
237503731
411994084
3098684772
3308765566
3236446262
3308725277
2772109791
381123168
3062587233
3308778502
71747418
3236298276
20956695
3308744188
3236391900
27022308
3308660181
21048309
3182439409
410065622
27790129
3150100782
2477414636
3218786432
3303026511
3308774626
3308720411
2921064451
2237699406
29717780
1523449674
47589337
465160220
3308720447
3308715665
82368523
3307502759
3230329663
165913179
42837057
2731321424
18252764
2536854338
3308766064
32982550
25635678
340007575
3301885431
3236387100
379419809
3236441204
3236480605
157692821
1626499010
309316681
3308661465
2242180279
3308715743
501418090
3303008789
3236439644
2998815130
3235612220
262953347
2842810658
3236415224
3236384514
3308727478
2505428379
3308765338
66764616
57096474
3308655537
998867719
3234571622
599568555
3219668994
265070216
3028287277
3236379120
3308764834
3308653617
3308665317
3308663361
41516777
2745693450
2749929753
2494953776
3308652411
240776815
340605099
3075626928
3135415672
325213475
26818733
245228322
3236381430
38018294
447287035
3236380134
2231926244
89628824
3236380116
994885004
3308705579
2850670688
3308757700
105851458
2426722681
221637249
2584681098
15396053
2731567597
339153519
3236429342
3191665884
3236434088
2352775916
3234279368
3308753092
3236375976
3236205894
370846051
3308754544
88349432
3308702831
49283236
3308755828
2419561344
3138629913
2806091502
3308751460
2589154485
204718489
3308684807
3236470057
3308753338
157718573
3308753344
1937122694
3236376786
3236343049
3236426294
154688713
3308697611
107619934
2541205408
103715674
209146972
106824396
61785757
2908577777
82754316
3308697185
3225784603
3308699429
3236468029
3308698277
3308652813
1541114497
1534924777
3096633991
472570570
3236467549
3308691839
3308696819
231859070
3308747242
881062549
47126108
3157021792
384090532
2810315634
2743802463
3301998119
3308694719
326781911
3289576534
40609802
2366160073
1019568138
2828348960
585233639
186544087
2340640580
3308745040
3236411768
3297953837
3308738368
48767481
3308642979
2759788758
3243476693
268924653
3236423426
3308692013
2565525043
270031810
3308647311
995370721
257688178
3235697438
2866966247
3236369928
3308735314
1573696782
3308639691
25298840
3306451605
3306917559
2925514367
3220004916
3012522803
496406618
40138006
3236352276
83952138
3308100111
3308734894
524998978
3308733148
3230652877
231673446
3307252774
3292534049
2900938198
154979114
3236420042
3236403248
71057892
3016964426
573099832
275797945
3236150480
793342471
3236450617
3308630643
2937337756
3214909971
3298798012
3308674967
80981727
877733396
3308629791
847736958
3235739425
128563082
3308630001
3236353740
38203553
2937916634
3236176626
3236418848
3308630295
3308726806
1532256716
3236452441
3236360346
2726650916
346012349
223870434
3218988454
3308671715
3236456221
2232042025
233007681
84886423
3302156291
1911103932
1284817364
3236278082
2385955333
3220796538
331455325
3236390990
37413828
3178118724
61779085
2806214899
790258584
261345160
3308668817
3308669573
2948647798
516669822
778191066
2455686381
3304072486
3308715220
591156440
314796244
858274974
286978740
563953828
581130405
320988400
166657725
322117711
202038197
46982244
3235733108
74336194
2998739323
3308609379
1604259019
2580917595
2876118151
3308400562
3292931187
2703188280
2824048073
2938870874
3308616969
620413663
236342195
3308708296
454078759
25296764
3296796561
3074522043
3236437645
3308613477
65025819
3308613141
3308711464
833655798
2306956613
1644041246
3227513682
815213803
2519763297
239200819
3236356002
3308657831
902103883
466792940
71906063
3146952734
84765312
1460867311
1185354854
3308647367
3308655623
3308643761
3234046718
3308654585
1642891566
246919060
1037134387
1553960965
3308608785
3236443501
3236353938
722894496
611975098
3308607105
160062099
3307667494
633509783
1510620464
3236409002
93694922
2369786682
3308651537
183041737
2975393086
3140559108
45989530
3308649857
3308648657
84660643
3308602905
3236311224
3111291994
202944935
3232162848
3236403578
15188938
3308603685
1415211517
57928267
3236400860
3308329287
3307997679
3232977548
506381490
600389135
3236436895
3236402192
40412022
2853514122
3307557135
2259059130
111026315
3308597697
3308645843
14870704
167010380
3235415982
2316135199
401047263
2289275637
503214178
3308395731
60657963
3308595069
48640938
315002783
3157857447
14806590
16552733
1039601316
150387243
512549940
169937590
3308593533
3308693212
718465310
3236342982
2461333675
300914224
3236255028
3234158666
3308594745
25664745
3308595363
95982524
3171478639
3234462129
60757217
3308631911
924885361
3308631821
3232108616
2966294283
395864797
3236398436
3308588301
1627893805
3308572839
3308678746
3236373139
3091981534
1686702650
3236439679
880757432
2909313286
15826581
498219479
2468059413
2790066959
139305047
3308590491
1114112262
154321221
972563354
2429674361
113067873
3224614710
19994432
706070374
19809639
3235520286
27964492
3192582289
2761576781
2740019332
324933423
331763554
1921320066
1898146002
3308526615
3308630597
3236433709
2520619742
1103564970
2835641033
495695341
386225574
308201074
5660752
2987494109
3191064536
1257736940
114811281
390786010
3230091769
593624275
3304825703
376099778
396951498
3308586766
2608840303
292218926
3288371667
3196015117
291109911
416380197
160331628
3308575053
3236341236
236922311
45686755
3229084986
3236362273
3257141079
3236228378
37875025
3236365568
453684086
54484546
3308624123
34848792
3119408446
3236327202
3236401315
549611419
3308577909
446389841
1377160494
2865324114
930484225
3236348390
98499535
453028466
2409732050
2250061847
3221962472
3236393618
3234198553
376730471
2354920816
1708783514
3061592811
3308665606
3236316708
2215625837
3164407514
234856922
20360717
3236420227
2968340766
1006114363
1238048041
3308572371
3308662840
3308616035
3236427145
3103725487
3308571159
20570043
3236429563
25840773
3308572677
3020353511
3308614163
3236376716
284136211
241443887
52253296
18718703
3236414173
1261567279
3308566419
3236334414
3236389556
770732035
3236389964
116480947
57700431
78526451
43556767
16235160
3230119244
3308502622
475483488
1864631454
3110399077
2808315918
3236424127
53412510
574806122
90065919
95924668
3235487263
3236376098
36570129
2906636175
3308609375
3236378210
2848255103
3234311011
3236387738
2782473536
175567842
2219717247
1115505662
3236376158
37566488
3088015466
3074970478
3307091363
3236353561
2624017120
3236370110
3236408935
3236325980
334164245
3236326542
135411805
3308501789
3236410141
3236416189
1248414126
140941469
3236342917
3073940101
3236323518
3236312941
47523328
1034780312
213049673
160674532
3236373770
2615367782
3236408053
3236372132
3224189772
3307267311
308740666
3235561124
3236365016
45285768
1724367895
3235429392
2515576350
3180629195
221579665
3236268714
283040716
2270878212
3236386621
3245870049
3236367392
3236366456
729499279
3236369713
16611460
3236311392
3236311182
102287595
3039648418
3236292882
2192189103
3236359880
3236307552
1511676666
2446891016
22233723
379758961
3236402479
3086907685
3236361572
3307041483
217170871
3234069571
303474239
3236398435
2780434840
1477184347
3236305218
3236359070
272736620
3236358014
78825310
263315097
54909269
3296209617
3308559773
1235957616
192505141
3308517873
3236386015
3022316741
103997859
3307077825
126071887
1271164716
1067983260
3236297178
3236372641
840356233
3236374183
3236351324
113114250
2166605168
3236284470
2896853628
2353609840
83878738
3236293572
2842390861
743701598
3236290212
1725943986
3236292972
3236349734
3236328493
3236316884
3232491526
2305477914
6035282
3236279310
2738912614
3236284620
3236359417
2742009766
1137134666
3236292156
121883808
3233828750
22336358
3236292276
926034728
341036865
1496945653
3236290236
3233283763
3236344388
627991841
239361620
2745439991
26162421
1382229085
16795873
3234116354
3236375701
1593111162
16789736
625631739
3236280258
3236368219
454096718
3236283690
466532137
2540597778
3257601167
395792832
3290589941
3236373145
3304845387
34086555
126721756
3236259228
919798879
630519839
3236334722
184060029
1579936980
3234750493
3023738623
3191705919
55376629
3236323484
230211813
1075971690
3236328884
30063033
1157792418
3235978183
2719369494
3299041119
928142282
2356978459
3084621803
3236365429
28049713
88906223
3236270360
3307503093
3236270076
1449912968
28589580
131524267
2984722298
3304278905
3236263962
1448719218
967846723
2435415776
3289272239
3064128623
3236217618
318578994
542878155
3236319224
2680519329
3236315696
356497801
3236313457
3236351515
17476079
3236316578
3236348725
3236312810
3236231730
140072840
142080750
2981868141
3236256540
3236254098
496142091
243383630
108452906
3236312576
3236300479
247320222
3290381872
3236293028
156108578
3236226600
3236253660
2267964644
3307432077
15867930
600367751
55366250
3058635737
3236251824
16885235
3299728949
454864475
3236304590
3224726484
787727460
131869552
79822592
3236346673
3236253342
3236341453
518540454
2984506940
3173614689
249512057
3236338879
3236338375
3236249292
119347203
842633834
3236236842
3308561451
273729923
2899643582
3236246796
535718819
3236299310
2720913041
25557853
3299031543
3236244438
89232118
3236337109
1016610019
100838706
2781883811
3236267924
31253102
3054318767
1856428604
384918555
3236231868
28651143
3236231094
55027083
2900510218
2811847452
440095445
3236240118
137859771
1722703092
2535585026
3236178378
3236292692
2802688613
3236293274
2301612357
3236330743
3236285474
3236289404
28600701
749552928
1426195075
244167568
3308493611
3236325805
3305979946
3236284922
3236286326
27586949
2454154867
2905275150
3225273675
51075726
1314673111
3307600493
1722864096
138809632
362784785
3236222496
3236258641
833945437
3301314705
3236224542
2764974610
858866034
19001402
43411838
3236223828
586554506
66095869
3098020845
467443865
2887773894
1410594271
116557565
214159894
3236307313
3236218824
841059818
2274011154
132695100
3236219094
222141527
1514444875
3236218668
60060140
52527142
3236266208
126565090
260678186
2350572044
3291880270
3235784238
3307016847
3303665307
320396483
3242481435
3199323737
3236038812
45660456
3154994146
3191864363
3236305483
198251129
1514174454
2923976436
19116612
2236831359
575652453
3308601005
36171336
2229140435
3236306593
3308598665
3236306083
565271422
3102492984
2635966291
2906595628
3190993149
3305389504
3236243287
2321422279
2351033114
3236297791
1300624843
3236260550
33577784
3035146799
1223238230
1712224946
3236206602
3236294149
3236299351
3236258384
3308241857
3236259218
37819083
190794305
2305614044
342865211
2341663562
2781642960
221060959
29865520
3308476323
989581434
1355766618
3308291819
23636279
3236292637
127382196
2454242324
148061634
3236186208
3236293057
1670619632
621565603
978229220
540952965
35250663
3236188530
3236289613
951528277
3236281219
282449592
3236249510
15206590
3300580522
761030750
3028951504
271418809
3236191590
287432427
730719524
211321079
17462259
33220754
3236283481
402877482
3236243156
3236269141
3236183502
19939984
634568587
3236242688
3236241656
3236280217
3308564781
2894754685
199014512
3236237900
3236274751
59892892
3236182116
17706623
3236229800
16084149
3197452897
263376802
3235962090
3308484808
3236234702
186847413
26792266
3236274667
3308270549
86294626
2160630614
3308657686
3308557565
30369677
3236181210
3308479823
3308636620
34293654
3307666337
1888884372
2245422953
3308657398
575271161
2953847452
198414641
183574221
69199907
2183548841
123994612
3020444496
735546241
2813947188
2527651510
3027095300
2587251013
3308547285
128673702
3308557839
3308655358
3236267047
3236229842
566810331
3228681591
3299956307
3308599061
3242113018
3308647396
3225579910
3308553387
35543101
18341855
3308576068
2269225272
3236267845
3308615764
3308651362
3307181909
2586640081
3308344695
67312922
2792216451
69698954
3308644132
256576153
3142095077
19841600
22688144
3308642824
3236022056
3031641811
1091324684
3308549973
3222317593
30621874
65654596
3308647510
287582706
287460722
3178521878
3308634910
64330535
2151654757
3308540247
2926151944
51370037
3007682562
20215572
2915309867
179561458
28365236
3231815586
473945782
3308588297
3308642026
93786248
3308529801
853829660
318811902
3308632384
3190065986
179932111
3162408468
3308516391
361883258
3308617864
270035797
3308626498
3308632708
3236219252
2346376077
594862365
3308460531
21344420
3308626564
3308576525
285704769
3308536251
3308632300
3308534013
295954778
8188872
557570473
3151098758
3007104955
3223474272
59258926
3308567207
3308576471
3308611588
3299829124
3308475609
3308510685
3240397731
3308535881
3043325699
3308526237
3308504849
3308559953
1408362421
3308561117
1616533141
3308559167
3308503701
3234070386
389684850
2908116623
261198213
3308531585
50289371
3308509377
1026756162
3209758125
2303495605
3308561807
3012382640
3308519553
2941724310
161816647
3308561291
3181305865
3308546213
78689284
52776803
3308514933
3308559227
3201866763
3308515191
155390952
566547246
3308594062
3308510763
2906295276
3229277608
1343977650
3233946896
819998173
3308524373
3308604136
3308510597
2164064213
3308555219
3308502981
3308607904
2976305555
2327979521
528844026
1179809622
3308550887
19199514
3180833989
30928947
3308548481
3308603800
1499813808
747666026
35839334
3308546369
3258222640
3308530193
417707118
719909438
2546139366
14895451
3308590408
1206980574
3308599588
560490087
3308559148
75128047
3300800572
3308505575
102404562
3233793074
1238404542
3229989702
3119633453
3308071875
475630994
3125529736
2419557539
1970926544
1078704174
69011300
2233125072
3290112161
2364088053
1148323272
3192115627
3308592814
3308337262
3308585710
3236042905
51888337
3307109267
235622801
1699155541
1493431608
20774970
27234022
3235016022
344472672
3229813668
3308531903
3226470692
3308491653
63307630
3028993488
2294845034
49064727
3308532239
3235991401
3294690352
3308583082
93900906
3308584600
475786438
2923910701
3308483985
3121086876
393455444
3308470335
3308480277
1883401237
3308579446
3308485221
3308556538
30050680
3162902119
3308515978
44111409
2265238064
2792568661
15686692
21471682
1077966589
3236211937
2628935279
108508526
3308503679
15647456
3308571100
3232525124
520901647
3030750821
582177459
340861728
3308549530
3308297176
2966236702
3308498567
3308567764
3308454795
3308440133
893892060
3308562316
487526812
1551471518
60400193
1968711890
1310898780
23124324
1909765728
28569959
3308508197
2792862086
3308560456
3308509967
2907335217
3300424109
3308505329
430811260
3229906657
140247304
3308532130
3308563876
3306867971
3308556910
3226865214
304072782
3303872831
264150552
153080699
3308503403
3308497925
3308443671
1403515423
30649641
2258439692
3308502299
359322573
3308502881
875413285
382711665
28368837
23913631
357781967
3308456451
3308457585
3308554174
3308499125
35824754
18197286
2259698995
1523354622
3227409427
3223104674
22325247
3308493119
250606631
3308516956
3308499257
3236029098
366116430
3308489321
1050057932
330396967
3292066421
2475058093
3308547100
2988323243
3308544286
375772207
3306365313
1952689020
2518043125
3308488265
2970108815
3308493317
3236087142
3308544400
3304701532
1322561449
3308534110
1270941470
574082091
3308442831
3308528752
2435206893
3196350771
3308479973
34120245
3308438835
3222790778
3308387343
3308430291
3308484017
77690395
3308421807
2895406832
198611226
3308465951
3308483290
3308512678
3308529058
149621989
3308431479
784173235
2791570411
25396881
3308392677
3295585113
3102170043
3308527846
3236077740
2994780712
3308529238
19260232
3308467367
24068324
2444304646
3308518360
3308420241
286013123
3308359041
1936428151
3308188402
3235825398
247773799
368919864
968179634
3150830550
3308445089
568314449
2866011194
536537236
173860870
2493350053
334255112
145805655
3236222246
3236208212
3118632179
3308419887
2937719538
1228097035
174602280
145506201
33090861
3293073311
3308416035
1499034223
3308418111
3308443871
1451845164
3201530643
21712197
3308468680
3308374449
395359731
3235781179
3196079001
3308509540
3231374280
3308383029
956545412
3308403627
1375697474
185118356
3308501746
3308430731
3223296438
2781552779
22606487
3308363853
91388722
189748998
1222966278
126665263
867983724
2997170842
3308500834
3308498572
1652901806
2834843961
2986382187
419446573
1937436782
3308400681
3234349027
278897952
3308494840
2336785701
592696337
3307255145
2343050799
3308492866
3308485306
461607873
3299022598
3190921726
484179370
560297559
2521852987
776572940
3236171976
3304730973
3308439257
2906145158
318274539
2957250065
3234199370
3308491708
3308487886
3302992451
2807401920
3308419493
249209028
234381902
1379217565
2884725276
37859333
3308389857
3308389791
3308382735
151091359
58189256
3308385111
742055760
3308485960
3308366211
3308426135
864003240
3308421137
29918338
36585770
3228570627
3236171196
3308474782
3308454898
2884089123
400120645
3308439250
226921482
914658368
1195951795
3298521363
20720284
3308381115
514629061
90121108
3308413157
454990061
3130596629
3042254839
3308394515
3308375211
140283702
3308421839
3308375709
3308472130
3308422529
3083652437
3308332287
587723193
1972334744
1449657769
1939656511
3308472496
3308396549
1614695059
3308412695
3245386851
3233740086
2577288397
3236262913
353216932
1607191219
407905773
3308267799
3234565722
3308470138
3308411267
233964201
817002434
3308467642
300497193
3308350983
3308466304
3308370849
3308464756
1038473982
2887295360
1202296482
49976254
3235445095
108455823
3308413133
3014431041
2927711544
3308462470
3223793431
22001558
3294802985
31107663
2542688310
3236165646
29771947
2911650894
14200285
3202598699
3236137254
371133783
836042670
50295118
801616046
1912354621
3236171334
874702136
3236168749
3236170368
473509831
23006008
3037242118
3305021182
2773725919
3236252281
251834157
3308405063
3160467997
3308456710
3308355087
2228443182
3236169186
1538137051
188850085
3308403119
1918419530
51339480
3308246356
3308399207
3308355315
419407439
2398085972
124351336
74796297
358358643
548972560
3222977226
205896142
3308395421
2922162981
741474632
2863091096
31237636
140297311
2152122966
230434718
3228424729
389227693
32787840
3236261779
3307242941
3308444998
61213478
3308351247
3305473839
3308394563
2567846922
157483467
3308348733
523774122
3235020590
3127821180
3236259337
280619711
3308349549
3308221840
3236163156
3236218526
3308337171
3236218286
3308387027
2978337881
324775142
3236156172
3229284864
2807788190
3300645202
3308221965
3182717322
2269145892
2574495828
3236160162
3236214830
2393908854
193706110
3295924905
1026319676
3133956795
3252124493
3308441524
3236218370
3197430651
3233323607
3236163252
2693528444
107519872
3308431264
3308341323
3306066723
3308382071
49222844
314947506
3308387381
74894676
395018202
3236012305
3077781179
3308438896
3236250223
3308351075
3236252539
3193508796
306834170
2324786738
2321516555
2583139187
18202231
123148610
58263823
3308427790
2744550227
3236156598
3297148696
1066212445
2893902258
3188959556
3236147550
3067450864
1675833770
383274739
3101623602
3301941389
23747244
2962745532
3236209676
1575864984
3308333277
55195222
38445872
3236244049
2539274475
455517514
303454772
3236248363
177722627
127374165
464141792
17115557
479619922
730205792
1915284084
3236197046
3236205278
113918717
96054799
278644173
3236207420
81147372
3308421436
3236140554
797252972
344293549
3308423344
3262149682
3294917105
160987192
3308370389
226325141
3308323731
3300943247
1470099793
2246037547
3236151408
2520614960
17563812
429149036
3015440186
416667847
3236149632
3232727018
1630064640
26859662
70052034
96862382
1633534075
3146534680
121445990
3308320017
3308366843
3236242945
3236149410
3296175381
3236235703
3236147268
3308395504
2948080174
3236180708
2515164134
365009859
3236202140
3308363903
3236058570
2816033725
56205608
3308362823
3308315979
290627819
3243544840
3308359469
3308399512
300706873
3012606023
3308361695
360122192
3078853237
2174096107
3033895058
2516708254
3129414012
3236143212
2403909692
3308316177
93988505
3308404492
2889595661
3236233471
3303827003
3308291301
485071003
3308357189
3308411176
19833032
1248424747
3308313639
3308404348
3308270787
3308292165
3308350901
354239955
3234432415
3308305683
420553076
3236190380
2970040087
3308390218
3308339735
3236186192
3308303367
3308309895
166063491
3236212195
3234352531
3308403382
141020005
3236097674
3236139888
450587585
203810994
3236185699
3236131308
396511411
1176763788
3032276742
318617658
3308388466
185450832
2875968525
67410629
736538197
3308401786
3236133276
3236164688
78187850
3308346653
14693514
2728333028
3308342747
227318707
3236175440
3236129550
2578849308
3308322173
3308298093
394164283
3308396890
3236188112
3236083964
129837424
81422063
3308297979
227496724
404535087
3236132172
460082422
3137958625
377390968
63213729
266677391
3236183570
3234635592
3308010881
3183748128
142539103
3236157338
14232999
3096759205
3308290557
3020359040
3308389516
3233098728
3236091114
3235742131
3307238405
1254345769
216260471
3308287611
3308367352
3308314211
3307072113
900255912
67012089
3236125638
339714143
3308337863
42463741
3308337329
3233824172
238092473
3308292375
1030820101
19829247
3236122710
3073031793
229893934
288291411
3236125782
3307058427
3236125878
571230981
38828722
3157878055
3189385044
21264509
1046919355
3236176742
3179496068
3305350635
2998695421
3255140033
3236213497
3295798096
3236176886
3236122704
384037852
3172015224
3308332732
3308368528
3236153618
583333517
272491767
248496093
3236212759
1671773112
3233747479
3307726222
2468499957
28342265
180976537
1377762206
3236120238
314427860
3308280771
160895217
2732160284
3308266539
391621137
3308379508
269346892
3221544230
221608454
305476816
348774862
1404291757
3308274861
2382649382
3236173406
3236206609
3234430909
3308376832
517914639
3068685618
69315475
3308260233
170625191
3308314157
195869841
3308319977
3308320043
3236166692
3308275143
3308374096
3192159197
14563218
769358138
3308020355
155199178
3308322329
267330597
3235758150
41348776
16060838
2758880754
3163820370
3294390405
3236166596
2809761302
2932953302
1596368149
183720345
3236203783
3236167364
3179380567
2562615211
3118448725
3235805382
3236202595
1556168216
453168599
313414120
2999017416
140861151
264521323
3236166806
3308265525
451676098
26104764
3308363614
1960898634
3308289173
2941268873
3232038523
3308271507
485271299
282619508
3308267007
3187839795
3308316629
3230362177
3308368066
3308315261
3236109042
845235242
2356711142
3308367328
3236109588
209271409
199467559
235512211
2665437680
2318210630
3308356270
2893633762
2856631613
2156658286
3236101260
2338735290
3308180367
182175484
150217307
25774496
3308266965
3308311415
379845486
144099355
3236142938
2960034457
3236158028
373702854
3308266593
2438644923
453644150
3308352892
3236036071
1563152352
493320602
3308246043
80201647
3308240957
3308308385
435968883
3306157552
490504024
149186631
3064385969
3214559387
3308359852
238215721
363057769
2766553803
804727111
886570788
3308307497
3308207638
2759362403
3236191795
1067413795
3308351800
3236157524
3308355184
2356736683
3236195509
3079296570
1955075270
117441302
3308286389
3234853321
3236150486
403239345
2733138027
42762792
3236194483
3236084946
704010618
3236154380
1702165406
835727214
418187818
550263556
3301937225
3307448104
33666474
3308071505
355853342
3308248773
3236192137
568338795
37431991
3236099598
3236100096
564787171
3308301371
857033461
379449452
3308255865
3306338847
3236098416
3308256795
3308300681
2864952504
1872426768
120574775
239974998
2653475832
19428537
594475539
3300351125
3130863785
2859110484
3077762986
3236093594
3308349436
3236189845
3236092542
3308350468
288268286
1628882636
3308347714
3235688660
61964545
239178111
3236148080
1270648825
3308338894
360358557
67167708
2958599762
3308249049
3236149808
3076648309
252104554
552488093
96389935
1883114484
3236186167
3236091450
192047873
3232045309
3236090868
3236146370
730783717
3308249469
191913777
3244643536
3236145980
3232603069
3308241945
3236146124
479846752
2494091779
3236184973
3308281157
3308344708
400173025
3213587638
3308289155
59798595
244133976
3233965174
786317833
106907418
3308342692
2745739387
243679755
1957814960
37471497
358221587
3304467699
875050968
569817510
3236087490
3308286617
3308285963
3236177719
89981443
3236140334
3308235123
125200021
2983252367
22672592
3235163538
3138171406
260426296
38889700
1131812408
36751952
1468192340
148682601
53111524
3308279609
3187953190
3236081544
3235317025
1076843418
3236133944
3308274790
3190665499
87195235
3236152327
2676242746
52791945
560110743
144209308
3231024068
70160243
57786080
300173434
3236173435
236528115
33795682
625101046
3009096675
1601692999
3236131952
3122379013
425497235
54469436
3236076912
3218056859
973177212
1375430792
339699641
3308229453
57121787
2185546116
3308272505
3308327392
3308327248
2956916840
2751573998
2597992466
3308275991
2360674286
2568799281
3236134994
3026206208
3308187641
3163934493
3236086694
3308273279
3236073150
429191268
3236130320
20052935
1454384479
619723442
1194490116
116245499
3308274149
3236167765
2194929092
467406901
3308320654
3022417404
3236129024
3236129516
2264622098
2273954264
539048219
91883109
247923846
3308319358
246735572
3140924902
3308321134
3233061542
1181229056
3236125268
2626069272
1699593818
447114975
2698548354
3236167171
2787550201
3235958604
3236064120
3236027526
1326882072
3084522858
3308318920
105574290
3228470365
2391063533
3110192720
3308265509
33042769
3308100545
3308217963
541938607
3308219925
3234972848
3307925193
40964350
548874880
3308171757
48742856
3233340667
3232731804
3308262953
3308218359
588356169
3057753595
3302662281
567109599
3308203323
36069656
3308214897
3308310688
2416067982
3308312602
3308261063
3303741497
3294312441
3308309818
3308213289
3308212311
3236153005
3293403363
533679962
3308212131
498062352
3110572051
2976322954
462578542
3308208927
22523864
3255185301
3236153731
3169964631
8494432
816705338
3229693344
1015328484
454156981
254762307
536471113
358721405
338156833
3236148571
3306572164
3236123563
2425708178
357651380
3223035956
3163860351
385722284
3308289364
2235300940
3308274226
3308299054
51935070
1153889490
3308197389
2489855612
1335269966
3308203281
3236109692
2595272973
3212517401
24405692
12917922
3305593870
3308294104
3236109560
18741900
3236097788
2705645348
3308274802
23013727
3236049372
479859561
555352640
263872584
2318565358
3308209085
3236104682
3236051784
118855978
3308243807
3308193735
421578810
3308243891
3233611344
3308239451
542403720
2791168893
3219840038
2427118071
953266554
41891269
82691476
245912523
3234563581
66680736
3126509656
772335608
749441384
3233862679
704459810
3239477609
3308192409
3236045557
3236141053
1198972069
73535953
483002300
57118957
3236103302
3187471546
353289668
33806508
2332065752
110811850
1671227468
3236047536
177754552
3308190099
3308288140
3240809361
3236128255
2655361484
3308236529
3236137027
413852000
701616562
96579835
3308234297
1664692669
3308173701
82511113
2785067003
3236491827
2837853873
1380393744
3308278756
3236095628
1334524789
3245950636
231141971
416583055
2861034159
3308234069
3308282356
106942029
1260022525
785930928
3236133637
3236094296
1280039216
3308227319
361409312
3308174705
3308185947
103849866
931307420
3236036880
1270503193
2996856595
3294093857
3071549809
1431351349
3308281084
3021966030
3308181315
3308180973
259753338
3236129587
226200189
2405502648
3236091014
2752980084
373855331
17702135
2962613070
3236130559
1217834671
3308151735
3308180097
3292205279
3235351651
3305624794
3236034852
70888575
3236081696
25903053
3308190473
3236002590
3308216051
1285569048
79742448
3308176599
325696683
3099991836
3236032878
3308219873
2593369309
1221215029
3131576909
2973828561
3308268136
235623937
546591036
374540400
632717979
1694076474
1260491948
3307059249
3308152791
3236120743
2602055653
18153980
282183222
3308219447
28358859
58594463
609315052
3092143845
486634535
797080321
2496437910
3308264962
114485050
3236083556
1643711306
3306947062
3308212625
456404559
39592933
3305931460
2863906843
3236025930
3308193089
3182321492
3139180970
1066557674
3235786219
558658480
1618730245
1482833389
15617538
498236849
3294520949
1559371904
9015022
3044235652
3308211143
3304332023
3220544558
155547161
3308175713
2375908859
3224751422
3222829334
37118969
3001336434
905507756
2849116328
3236019036
3210545516
3219900902
3306836050
3303575944
3308208245
3308149431
3195546048
3308159991
402172646
3236016246
564314996
3308203805
1220024238
256868492
532989621
3236111923
3235916280
3236108095
3236069060
3306418133
1539011810
334075235
3301923202
577841357
3308257624
2807695148
1242306294
1101136658
2498186368
3308136627
1519026073
2280223076
404517232
3307553313
3306910384
3235092769
85457060
3308147717
3218642135
176528791
3191084089
3030325646
3236101699
3308200541
3236092333
3237815609
1710457970
2929297266
3236101963
281695083
1941633744
3236004846
2935406737
3308182397
85301914
168839429
3308145106
3236105605
3224750142
3236104177
3308152077
3236000136
116512121
2752864502
35386192
3017886673
3235989792
1641303175
1373374777
19188643
3308193365
1018596056
567835162
218497660
2177877354
3302695390
3308193671
3234383172
3308248150
1865318882
3308246164
1230100986
1059391616
3233363065
355485428
3001481507
3308147157
416529697
75595415
3193208486
58823076
3308020041
3308192135
3236004066
3236097049
3236091355
181096422
3308146323
3308242678
30966659
177164017
1218626838
3308235646
1416195546
69037099
3236097877
1008221450
218804187
3026532028
2677669210
1167683258
3015492383
89946448
388610872
3233770482
106004836
3308241694
1462535646
375817835
3235394864
28375361
448879537
493174054
563997171
111015195
414750973
3308231566
3239280616
3244918031
3308240368
408164917
3233735563
3089669211
3011735813
3308238808
3308183705
1267885321
3308128965
3236091685
1634225353
3308142507
228606457
96372754
2994262677
3302305048
3308141175
3235887050
3080429205
1326181237
104305977
3235911836
15022632
459386629
318992181
3308183075
1479888043
1205084208
3236051594
355543817
803137993
3308135049
3235983996
3235974128
3020986741
622778622
3251335221
25923134
3307574271
1589375408
2891819333
3308131407
3001790079
376324844
3308121327
292490188
3231349038
2724044222
2399899954
3236044772
3308115105
2156211349
3236045348
2874117783
3236078947
3146213510
494857645
96489898
3235969146
3308133219
409530962
3235967952
2605543872
314435436
1718349402
3186867935
3236083159
1694461646
3308228500
325925299
34190471
3308173931
3308227774
511164708
3236079217
2862186263
3096462893
3236035112
3235985454
3308128065
202116266
54238852
2912997283
932517806
3308120487
3185450814
80875658
1073977429
980609202
151251926
3236039480
219717401
3236038904
3308170271
985048903
323704249
2490004495
3192100872
2896157229
3092462525
3235978878
84234607
3236076277
3236073571
913380308
3307686647
3164629233
22377957
127210225
3308124549
3094613689
26406808
1658836088
51135369
2982128819
441734113
3308120103
3235979574
3236072947
32279618
1573646514
3287476581
399081890
3235976496
23246992
499010184
952444530
399884081
3235681610
44495259
2887609241
20986052
3068816521
3308119545
3235972314
1514173022
3220705766
3307796811
103626991
92385958
3236023568
3235973724
3179534255
1254791784
175621014
1353814381
3308118423
62068738
3236023970
3235206636
2998231584
3307706355
359156408
3235967340
2973487341
2253134724
377600821
3308203774
3308159207
3308209918
2355445699
3308153777
2750972679
2497824319
378209056
146212889
3236056207
3236009084
952950882
3236044963
3187611264
3308209048
2595027453
3235961130
3236059099
3303548979
3088920760
830520824
3235967178
1024322276
3235963770
3236018774
3302816380
3308203510
3236056501
2324942275
1466649511
20593702
1733918928
3235941534
1049489886
3307811146
430463958
3308107335
37630127
3304732065
3235121630
3236015258
1132732118
3094387173
3308150069
3235950336
1567161356
2779802783
1420097250
273431235
3031485939
3307041069
3308199394
2912726916
24984808
3308018355
3235940570
3177547920
3236043253
3236013050
3308100405
3233462700
2371170614
2920456703
2286377670
3236009582
3306583876
3236026729
3308070573
3306419019
1106302567
3308197132
19520762
1248342068
2746716808
2512874979
3236041975
1009156992
3305294842
3235952280
3297869338
3236004590
876129732
88335689
2723870160
22207840
745029169
3236041471
3236041783
466488724
3307099233
2878346083
3304632729
3088919435
3235882453
3308191486
132317674
21759341
3235948500
992710506
3235946766
3236040619
631994510
193306540
290267489
3308077563
3235995164
47880708
8676102
3308128259
3235999370
1014007218
1434259710
3308087793
64764287
3022170266
1591215805
238033929
3235944636
3235994534
304896166
2876404195
3308128127
3222978619
3308132045
2955971808
113956636
3308176306
3141978639
3236032423
314965409
3235501548
3235992110
3308126351
352325172
2221951627
298508497
3308120069
2306728416
454991785
464309093
3234748482
2546348100
3308126999
3235093615
141773984
3236030263
316483242
3235990520
2975564685
2215882417
3308178172
3308176528
32414616
3168897282
2572949705
3235884146
125902070
2998437589
3307774659
572889656
3236028349
1312082497
31364254
2193543030
979167464
3308065725
3300225023
501821795
109009745
3235978124
2832831947
3308172424
3222852581
3235926828
3236012005
3235928994
3227376954
3236021101
2778877252
3235984880
3007738614
3235985762
40850617
3308117711
519402568
39044097
771198018
2384113134
2789057002
2402376583
547082026
3235981868
3308097815
3308166922
49424144
2831063295
3235980650
3308071515
25128110
203861305
3235977566
3306826841
1140550980
27469830
3302727027
3308066199
22146188
3235925064
2744120925
1418317058
257897372
3308064009
3235923030
3308051757
44628106
3308065743
334843385
3236013997
3308064339
3308162812
542625734
337401515
3053811919
3236012689
3308103947
22478959
3308160364
2501238877
950697206
3308156062
3241502943
3307939995
120773206
3236399037
3176620706
1876522680
19495659
478682549
2857923720
14148611
111829096
187849291
3236004931
101010088
219047822
3145121019
3235964324
864637920
540665459
385970435
3291095751
3108467676
2426465040
1093548632
3235994323
17565839
3308151298
2190373662
3295339504
48700649
323180384
3307748061
2300515898
3308047941
3307799007
3235903032
3301338881
3308085923
3308149186
2427130872
3308096507
342766098
3235907340
60878820
2162124264
3308096483
3308092883
163025032
618570964
2744707145
2767699720
3308041443
3235950464
2748757217
3235960712
3062088360
3308093747
3308042859
292473532
3308029485
3219989078
3235993939
3308144974
1137918056
268529175
16903366
2884535418
3235894896
3308090063
2769321512
3308045907
2971984344
3235874670
3235946011
31347918
3294981647
2838286526
2786873809
3308043897
3240206135
1496426996
3235988365
2185597720
3068630361
2392723348
239411266
805008164
3308077349
3308041515
144347188
3308135506
3308000147
89398499
3308021973
318996927
3235991743
3235994179
2248760160
932854555
2188022574
173146199
3234914222
3235896078
533157784
3238788970
2684110614
3235989193
3301784895
832255580
3235896066
3308133814
3235885080
3235950608
3235988149
3235950158
109636467
3298007260
3235989013
3235835820
149246921
3235895922
92209954
3253052817
2905073670
38827711
3232736258
3235889610
14184904
228822032
21342818
3308126344
1122917995
2737772709
19727076
1608548858
1888419367
3235557295
218818379
433184829
3308062925
3235887954
3235938571
373073875
3202711618
19122429
3235940846
637363936
705235574
249058220
2474329729
3235981921
1564521487
3235888272
994357130
3235888410
3307999367
2842415673
1932483348
2480134256
2430126540
2958985164
37665929
3235943732
3228850230
267586678
3230155904
502662521
2577045858
609570104
29094139
3296692935
367670907
1366208983
3307976169
3167617650
3307971389
3220494745
3306398711
284624453
437174550
931722668
350381744
3235882878
2649023457
479589235
1415283888
3059670338
3235916120
3256358381
2791598282
57986797
3235880640
367275596
244650912
136298784
3304271435
613207489
3308017929
340221906
14270757
3006839022
2396487900
1410201175
1128696936
828803748
978158179
2829292053
616494533
2431917421
3307894403
48892956
564970964
2399130369
3295010157
302709165
127496803
3185890478
168884888
3240111893
57575877
3308053559
3131601155
3235932674
37905562
3308054993
375816305
3235804464
64853620
3308011997
253537465
3235774255
3235875042
2504508979
588451836
3242122059
241957253
1356787957
2410722967
3235558518
2340274152
3235927640
3308007093
920617405
289826442
2850920595
3235945531
3307988193
3235721922
147580006
3235740590
3235863282
18915436
2192848497
3235926302
1126247587
3235871574
563381765
3235912616
415260634
370347362
3308050451
361749466
14891928
3292002489
3308049779
2650626350
3255659038
3235924478
3308098804
2175631305
3308005575
2811316348
3308017193
103524011
3235921958
3190727178
3308016016
3306898875
3201961928
3004894018
3235864932
2347558544
2720208368
636259448
3308046065
828060061
3235857714
3307998483
984358435
440980885
3235956745
3308043185
20937312
411504842
3306605428
21232567
15849784
2473441955
3308094586
341728769
3235915580
3307995345
2963194090
3235955791
3307992471
3308041547
3234763064
3308035793
277721487
432447640
827885652
184879279
3235859214
3004860230
415060719
3308089234
3235910120
3235916072
3225183944
3235856412
219282882
583138866
3235164860
3307992831
3235949695
3235857066
212275028
3232105667
3308089354
2148524836
3151262646
3308088472
3308088256
3235909292
2787021409
1317580069
264742213
1736709583
3293175910
3235946923
2308309418
3307976175
3308032979
1321140686
3308031095
330719047
171119041
265564412
3307987647
1412241402
3188658392
3301236022
3307987287
1551348696
3235906328
2985650412
3235906142
3235942063
155982077
3308084314
356276685
3235903964
509742574
2562941817
95015958
625841310
1055866981
478983396
42380842
3235830258
3232797986
3307983663
2933459077
3235942597
429333399
196233912
2164788721
3308027207
826647722
3235747885
3235847700
3307977249
3308025059
15189527
3235845360
2951856120
3235897250
299578860
3308069284
2811024115
2829522949
3235842258
3235938241
2875516780
2879290299
3128138963
34613400
3307972263
752412565
3295388133
2966202089
3081978461
712623690
3308060386
3307970337
3235935379
2647025268
419466884
2957402821
3308069950
1487882209
3125114195
3235836846
39842001
1406727577
3235933273
3307971171
235425275
2470725600
3235931221
14303171
3235881254
3235740692
3235835928
3019326178
3307417311
3234946027
3307756509
2359591324
3235833264
545871702
3072564219
273966061
3308011637
2995549929
951952759
3052888236
817672231
3227418043
3307967241
3301881520
3235832340
2326483481
3235887896
22132565
3235924597
2447543281
143892163
3226515530
3307964295
14766065
3226634300
3307875033
3308060428
3233976866
3235312831
394205135
3307956243
3307510781
3235828026
2659004929
3235817496
3235885268
3235882652
3235830870
3235787994
90609815
3235828716
87935862
197703752
3226919438
3235816734
1545653064
3235829238
3308054932
3235822482
191300449
3235827480
43288437
131787985
769296830
258693840
2263950946
3226047372
2274368862
3235825278
1733385860
2926617189
3253341947
3235916635
1443427416
3235880786
3307992719
3308050078
3228020400
3253894587
592858313
3235912441
3235822632
3235823526
3308049616
3235818624
2479562951
19445021
40440421
3308013112
1173305958
3307945605
3235912513
3303943720
339527171
159974689
111871968
398032108
3307948023
521910492
3307993235
3235849513
2888353950
3307986659
3306459437
3233630784
3307969685
3049002842
3301640626
3308025118
828152988
346353529
2960906588
3235909273
3307944579
3235802622
3232277382
2256382968
2467151042
2443907118
3179199368
3224521655
3066070724
3307510822
3307943553
2174329588
3235905439
225016052
3235905499
3234944172
221863882
3307986059
605781858
1111076684
3308037202
3307939593
576453055
134869135
3233709858
3235863572
484728260
2895702473
2661550365
23172518
1968466855
2999825822
721771904
235407851
157955363
3307970879
3235805076
3235858262
1263093914
3308030974
3307968353
32217171
1678689476
320643816
899460578
3307927269
3307931997
3235803258
212189279
3235843988
1931535674
2929328233
3011848956
3235887559
2790543773
3235860193
1562937776
3235800828
3307925859
149947798
3307925481
3024757333
3308025718
325168608
74934223
3235889695
2885977112
3307972079
3063266276
3235893979
2954577758
636160494
3132831031
2283490291
3235794348
3308011792
2951431238
3227355198
448747359
3235628094
2795211134
244259798
3235890409
3303780777
3229039225
468471046
189115160
3235794624
3307966175
2897376996
2473724227
3306506633
3307967903
2665102446
3235847372
3235791270
3234619692
1066679179
3307321085
3235841552
3307961657
246450752
3235767288
2758610022
1853974910
3180576684
166691936
2546567732
2729764908
867557900
2458443607
3235838426
281036077
3235836806
3308015068
2882338972
3308009548
3307962431
2788215626
3172820148
3307960643
3307955291
3307915053
2737699208
1386191660
631537320
3308010610
366311380
468454112
236735875
2460960130
91134002
3244775464
1393044014
259715661
3308008180
740401339
609920070
3235880629
2977379797
209683795
2913943068
221644210
3307988986
3183186956
3235840508
3235475790
3243510183
2963670137
3235782438
1055869471
3234882266
3308007640
3263878348
3307949675
707514538
106809017
2168577141
3307923958
3308002126
2966547650
3308004406
1732507724
343260743
3197791130
3235871125
3235777764
3235777278
3017655035
3305649429
53006931
3308001118
3235778304
3307999108
3235859329
3307900839
3235870993
3307871451
3235775136
3235773480
60655185
3235868083
248277902
3235832198
3307928171
3157466360
3235797037
98743683
3067409120
1870782462
2254251013
240923531
3305003429
838669608
1537215102
64209769
3235859461
486469329
3198418790
3067687928
78366147
20611611
3250902857
2549507348
3307989190
177630427
2608023575
2881006760
2570424494
3225104168
2322251908
3235771176
3307898019
3235855201
3301410610
3307988200
397533431
1057662360
3235765668
3235703995
428763013
3235863619
3235770888
108059220
3307862277
3235770786
3235824128
720515040
3307893495
3235794938
3235791613
3307937795
3307893039
468558330
3215837411
2998434306
1306109748
323795151
3235766058
1115404832
473326570
2383915136
442884322
3235742484
948302250
1357969344
3307934591
435503427
591681873
3235858405
3307888377
252980069
3307910068
3293948716
3307880625
244488909
3235765476
86032723
3235821920
3235819478
515785825
419420580
3235819814
1150883737
118128307
2911703743
839914220
587845606
3307106735
931995169
291754018
742361288
2970764009
3307930127
3162955933
2716859845
3235759266
3230402894
3235759866
2200318274
3235850809
103978027
1629791840
585063626
3235816136
3306382823
222545545
2237642476
85522454
2888793893
751553053
3232767980
3307974592
3235812722
3102387448
434768313
3225956292
2166030558
1356579146
3235802210
406881869
3235755690
120061853
3307921997
2347397358
3235850077
3235755054
3235846825
3235755870
3235839757
1155572286
121129628
283471844
3307920101
3302997105
3234786301
402977498
3235804466
3223540975
3304816534
3051617086
3307972006
1028959375
499739605
3307918139
3307970722
37613466
101314505
3235798520
462095453
3235844059
3307864959
3235803878
3229678644
44678291
2157968382
230556495
3298397769
3307957690
3307863489
3307870815
3307863783
3235747404
30993023
32971681
3233294120
86323133
742855392
3132736648
3226656912
74281937
3235838791
3306862997
173835244
457676784
1288462956
149160596
3235841065
141462766
3235738488
3305684248
3235835611
3220472088
36611013
3307866843
3235837579
28519615
3235800020
2758722700
35069341
2992685111
171108524
1552390196
3235574911
2181730489
3235741278
3233434334
263593701
2676439935
3235832593
2937241356
2198868590
3307955914
3235737798
22708389
3235610953
2563458037
118528661
2958388588
554163950
2736229953
3235824385
460309343
2862743658
345844997
2964210460
180844620
3307853673
3235732218
1263467612
3235727928
76312693
3020951136
3235776674
341443764
3307855395
3307953796
3235736610
102617495
40427849
940152517
92772806
3160440357
3307853907
423494316
202697306
588963538
971547084
339792607
2274283217
3235783598
2971129572
3307851903
3235732740
3184404186
3235728576
42567868
549412544
3235810129
3235727742
35601837
922935619
25651250
600845680
3226247375
767679966
2231585379
3307871309
188018062
3185931259
134486933
3307875497
82088143
430821544
858549174
2755860789
3306279755
3235782650
3307847343
